2,1
3,2
4,2
5,3
6,3
7,3
8,4
9,4
10,5
11,5
12,6
13,6
14,7
15,7
16,7
17,8
18,8
19,9
20,9
21,9
22,10
23,10
24,11
25,11
26,11
27,12
28,12
29,13
30,13
31,13
32,14
33,14
34,14
35,15
36,15
37,15
38,16
39,16
40,17
41,17
42,17
43,18
44,18
45,18
46,19
47,19
48,20
49,20
50,20
51,20
52,21
53,21
54,22
55,22
56,22
57,22
58,23
59,23
60,24
61,24
62,24
63,25
64,25
65,25
66,26
67,26
68,26
69,27
70,27
71,27
72,28
73,28
74,28
75,29
76,29
77,29
78,29
79,30
80,30
81,30
82,31
83,31
84,32
85,32
86,32
87,32
88,33
89,33
90,33
91,34
92,34
93,34
94,34
95,35
96,35
97,36
98,36
99,36
100,36
101,37
102,37
103,37
104,37
105,38
106,38
107,39
108,39
109,39
110,39
111,40
112,40
113,40
114,41
115,41
116,41
117,42
118,42
119,42
120,42
121,43
122,43
123,43
124,43
125,44
126,44
127,44
128,45
129,45
130,45
131,46
132,46
133,46
134,47
135,47
136,47
137,47
138,48
139,48
140,48
141,48
142,49
143,49
144,49
145,49
146,50
147,50
148,50
149,51
150,51
151,52
152,52
153,52
154,52
155,53
156,52
157,53
158,54
159,54
160,54
161,54
162,54
163,55
164,55
165,55
166,55
167,56
168,56
169,56
170,56
171,57
172,58
173,58
174,58
175,58
176,59
177,59
178,59
179,59
180,59
181,60
182,60
183,60
184,61
185,61
186,61
187,61
188,62
189,62
190,63
191,63
192,63
193,63
194,63
195,64
196,64
197,64
198,64
199,65
200,65
201,65
202,66
203,66
204,66
205,66
206,67
207,67
208,67
209,68
210,67
211,68
212,68
213,69
214,68
215,68
216,69
217,70
218,69
219,70
220,70
221,70
222,71
223,72
224,71
225,72
226,72
227,72
228,72
229,73
230,74
231,74
232,73
233,74
234,73
235,74
236,75
237,75
238,76
239,75
240,75
241,76
242,77
243,76
244,77
245,76
246,77
247,77
248,78
249,78
250,78
251,79
252,78
253,80
254,79
255,79
256,80
257,80
258,80
259,80
260,82
261,80
262,81
263,82
264,82
265,82
266,83
267,82
268,83
269,83
270,84
271,84
272,84
273,84
274,85
275,86
276,85
277,86
278,85
279,86
280,86
281,87
282,86
283,87
284,87
285,88
286,88
287,88
288,89
289,88
290,88
291,89
292,90
293,89
294,90
295,91
296,90
297,91
298,91
299,91
300,91
301,92
302,91
303,92
304,93
305,92
306,93
307,93
308,93
309,93
310,94
