2,1
3,2
4,2
5,3
6,3
7,4
8,4
9,4
10,5
11,5
12,5
13,6
14,7
15,7
16,7
17,8
18,8
19,9
20,9
21,9
22,10
23,10
24,11
25,11
26,11
27,12
28,12
29,13
30,13
31,13
32,14
33,14
34,14
35,15
36,15
37,15
38,16
39,17
40,17
41,18
42,18
43,18
44,18
45,18
46,19
47,19
48,19
49,20
50,20
51,20
52,20
53,21
54,22
55,22
56,22
57,22
58,23
59,22
60,23
61,23
62,24
63,24
64,25
65,26
66,26
67,26
68,26
69,26
70,27
71,27
72,28
73,27
74,28
75,28
76,29
77,29
78,30
79,30
80,30
81,30
82,31
83,31
84,32
85,32
86,32
87,34
88,32
89,33
90,33
91,33
92,35
93,33
94,34
95,36
96,35
97,35
98,36
99,38
100,36
101,37
102,36
103,37
104,37
105,38
106,39
107,39
108,40
109,38
110,39
111,40
112,39
113,39
114,40
115,40
116,40
117,41
118,42
119,43
120,44
121,42
122,43
123,44
124,44
125,45
126,45
127,44
128,44
129,47
130,45
131,46
132,46
133,46
134,46
135,49
136,45
137,47
138,49
139,49
140,49
141,50
142,49
143,50
144,50
145,50
146,51
147,50
148,48
149,49
150,52
151,53
152,51
153,52
154,51
155,53
156,53
157,53
158,54
159,54
160,55
161,54
162,54
163,54
164,55
165,56
166,55
167,54
168,55
169,56
170,55
171,58
172,57
173,57
174,58
175,57
176,58
177,57
178,59
179,60
180,58
181,60
182,59
183,60
184,59
185,60
186,59
187,58
188,62
189,62
190,64
191,61
192,64
193,62
194,62
195,63
196,63
197,66
198,64
199,63
200,63
201,62
202,65
203,65
204,64
205,68
206,67
207,69
208,68
209,70
210,66
211,67
212,67
213,68
214,69
215,71
216,68
217,67
218,72
219,71
220,69
221,71
222,70
223,72
224,70
225,74
226,73
227,73
228,72
229,70
230,72
231,73
232,73
233,74
234,74
235,73
236,75
237,75
238,77
239,74
240,76
241,73
242,76
243,78
244,77
245,77
246,79
247,78
248,77
249,77
250,79
251,80
252,76
253,78
254,79
255,82
256,79
257,78
258,80
259,82
260,84
261,81
262,82
263,82
264,81
265,81
266,84
267,84
268,83
269,86
270,86
271,82
272,84
273,82
274,83
275,86
276,84
277,86
278,87
279,88
280,83
281,89
282,87
283,88
284,87
285,87
286,85
287,89
288,86
289,91
290,86
291,94
292,91
293,90
294,88
295,88
296,89
297,92
298,91
299,92
300,92
301,92
302,92
303,94
304,97
305,92
306,95
307,92
308,91
309,94
310,94
311,95
312,96
313,98
314,96
315,95
316,94
317,93
318,92
319,95
320,95
321,99
322,100
323,95
324,95
325,101
326,99
327,96
328,99
329,97
330,96
331,100
332,98
333,98
334,96
335,99
336,103
337,99
338,97
339,101
340,105
341,104
342,105
343,102
344,106
345,107
346,106
347,103
348,105
349,106
350,102
351,104
352,107
353,106
354,104
355,106
356,103
357,106
358,107
359,106
360,103
361,108
362,105
363,111
364,109
365,110
366,109
367,108
368,114
369,107
370,111
371,109
372,112
373,110
374,111
375,111
376,117
377,113
378,114
379,108
380,113
