0,0
1,0
2,0
3,0
4,0
5,0
6,13
7,229
8,1338
9,4846
10,12288
11,25502
12,44130
13,67666
14,95491
15,124738
16,153650
17,182827
18,207840
19,230672
20,249677
21,265981
22,277919
23,286215
24,291470
25,295077
26,295275
27,293347
28,291003
29,285865
30,279560
31,273024
32,266096
33,258088
34,249501
35,240935
36,231135
37,223925
38,213892
39,205882
40,196153
41,186727
42,179346
43,170209
44,162635
45,154795
46,147270
47,140411
48,133123
49,126530
50,119792
51,113245
52,107649
53,102303
54,96578
55,91411
56,85751
57,81453
58,76826
59,72528
60,68189
61,64640
62,60806
63,57492
64,53504
65,50383
66,47283
67,44325
68,41716
69,39018
70,36884
71,34101
72,31508
73,29723
74,27726
75,26091
76,24254
77,22387
78,20827
79,19336
80,18060
81,16729
82,15765
83,14535
84,13373
85,12554
86,11621
87,10640
88,9873
89,9082
90,8295
91,7676
92,7225
93,6424
94,6028
95,5528
96,5122
97,4674
98,4290
99,3944
100,3530
101,3270
102,2998
103,2722
104,2483
105,2324
106,2116
107,1798
108,1739
109,1573
110,1464
111,1269
112,1180
113,1085
114,907
115,867
116,756
117,686
118,597
119,583
120,486
121,482
122,405
123,371
124,333
125,300
126,265
127,213
128,172
129,205
130,165
131,137
132,134
133,109
134,90
135,82
136,74
137,73
138,63
139,47
140,46
141,39
142,36
143,27
144,31
145,30
146,20
147,16
148,16
149,12
150,15
151,16
152,8
153,11
154,9
155,7
156,4
157,7
158,2
159,7
160,3
161,2
162,2
163,3
164,2
165,2
166,1
167,1
168,1
169,3
170,0
171,0
172,2
173,0
174,0
175,1
176,0
177,0
178,0
179,0
180,1
181,0
182,0
183,0
184,0
185,0
186,0
187,0
188,0
189,0
190,1
