0,0
1,0
2,0
3,0
4,0
5,0
6,3
7,22
8,147
9,487
10,1248
11,2504
12,4365
13,6749
14,9485
15,12427
16,15580
17,18364
18,20663
19,22989
20,25418
21,26227
22,27585
23,28598
24,29200
25,29589
26,29614
27,29203
28,29139
29,28686
30,28039
31,27396
32,26769
33,25832
34,24970
35,23911
36,22966
37,22541
38,21286
39,20221
40,19632
41,18960
42,18027
43,17003
44,16166
45,15447
46,14879
47,14030
48,13219
49,12706
50,12153
51,11343
52,10831
53,10205
54,9673
55,9146
56,8631
57,8284
58,7716
59,7309
60,6859
61,6381
62,5906
63,5684
64,5385
65,5033
66,4705
67,4318
68,4184
69,3967
70,3770
71,3444
72,3108
73,2969
74,2810
75,2588
76,2365
77,2285
78,1996
79,1912
80,1727
81,1615
82,1567
83,1399
84,1333
85,1218
86,1141
87,1002
88,1000
89,866
90,839
91,719
92,734
93,726
94,622
95,580
96,509
97,451
98,417
99,422
100,353
101,341
102,282
103,271
104,265
105,209
106,229
107,180
108,176
109,161
110,161
111,119
112,102
113,95
114,93
115,97
116,97
117,55
118,66
119,60
120,46
121,48
122,42
123,43
124,24
125,28
126,19
127,35
128,14
129,13
130,14
131,13
132,12
133,6
134,12
135,10
136,5
137,10
138,9
139,2
140,4
141,4
142,3
143,2
144,2
145,6
146,5
147,3
148,4
149,2
150,1
151,2
152,2
153,0
154,0
155,0
156,1
157,0
158,0
159,1
160,0
161,0
162,1
163,0
164,1
