0,0
1,0
2,0
<<<<<<< HEAD
3,4
4,411
5,5771
6,29241
7,81808
8,161350
9,253992
10,341494
11,418141
12,473329
13,509396
14,529313
15,533716
16,526061
17,508803
18,485256
19,461627
20,432461
21,403307
22,374108
23,345698
24,317409
25,291175
26,266264
27,243663
28,220371
29,199622
30,180795
31,162465
32,146609
33,131243
34,117712
35,104616
36,93761
37,83228
38,73819
39,65547
40,57106
41,50416
42,44341
43,38796
44,33851
45,29415
46,25380
47,22287
48,19336
49,16547
50,14163
51,12118
52,10082
53,8773
54,7327
55,6154
56,5157
57,4408
58,3792
59,3045
60,2609
61,2064
62,1713
63,1428
64,1170
65,945
66,806
67,632
68,517
69,444
70,323
71,280
72,212
73,160
74,151
75,111
76,82
77,60
78,48
79,39
80,32
81,18
82,16
83,16
84,14
85,12
86,7
87,1
88,4
89,1
90,0
91,0
92,3
93,0
94,1
95,0
96,0
97,0
98,1
=======
3,0
4,1
5,56
6,305
7,805
8,1610
9,2494
10,3389
11,4100
12,4770
13,5005
14,5397
15,5263
16,5316
17,5147
18,4845
19,4607
20,4349
21,4027
22,3734
23,3516
24,3169
25,2971
26,2701
27,2436
28,2173
29,1996
30,1749
31,1616
32,1444
33,1294
34,1103
35,1068
36,935
37,870
38,792
39,663
40,561
41,521
42,437
43,359
44,316
45,304
46,266
47,243
48,194
49,166
50,146
51,133
52,104
53,81
54,75
55,51
56,70
57,44
58,43
59,40
60,20
61,22
62,18
63,14
64,18
65,9
66,8
67,6
68,4
69,3
70,1
71,2
72,2
73,0
74,0
75,0
76,1
77,0
78,0
79,1
80,1
>>>>>>> 7f2c1c306a7bf7fa083b65bb071a2f65995d4f6f
