0,0
1,0
2,0
3,0
4,0
5,0
6,0
7,0
8,11
9,48
10,128
11,243
12,448
13,658
14,966
15,1264
16,1592
17,1830
18,2049
19,2339
20,2441
21,2628
22,2737
23,2917
24,2892
25,2957
26,2903
27,2954
28,2895
29,2818
30,2837
31,2733
32,2682
33,2580
34,2565
35,2423
36,2267
37,2174
38,2204
39,2069
40,1958
41,1852
42,1764
43,1686
44,1617
45,1536
46,1525
47,1379
48,1312
49,1313
50,1172
51,1136
52,1049
53,1000
54,981
55,896
56,837
57,784
58,731
59,732
60,688
61,654
62,605
63,561
64,564
65,513
66,509
67,475
68,411
69,375
70,388
71,359
72,320
73,312
74,285
75,264
76,265
77,220
78,205
79,200
80,171
81,187
82,167
83,147
84,119
85,127
86,124
87,105
88,88
89,94
90,80
91,79
92,70
93,64
94,61
95,56
96,49
97,49
98,45
99,36
100,33
101,25
102,31
103,35
104,25
105,22
106,19
107,26
108,19
109,11
110,9
111,11
112,15
113,14
114,9
115,6
116,13
117,6
118,9
119,6
120,4
121,1
122,6
123,6
124,4
125,3
126,3
127,4
128,3
129,2
130,2
131,1
132,0
133,0
134,1
135,2
136,1
137,2
138,0
139,0
140,2
141,0
142,0
143,1
144,1
145,0
146,1
147,0
148,0
149,0
150,0
151,0
152,2
153,0
154,0
155,0
156,0
157,0
158,0
