0, 0
1, 0
2, 0
3, 0
4, 0
5, 0
6, 0
7, 0
8, 0
9, 0
10, 0
11, 0
12, 0
13, 0
14, 0
15, 0
16, 0
17, 0
18, 0
19, 0
20, 0
21, 0
22, 0
23, 0
24, 0
25, 0
26, 0
27, 0
28, 0
29, 0
30, 0
31, 0
32, 0
33, 0
34, 0
35, 0
36, 0
37, 0
38, 0
39, 0
40, 0
41, 0
42, 0
43, 0
44, 0
45, 0
46, 0
47, 0
48, 0
49, 0
50, 0
51, 0
52, 0
53, 0
54, 0
55, 0
56, 0
57, 0
58, 0
59, 0
60, 0
61, 0
62, 0
63, 0
64, 0
65, 0
66, 0
67, 0
68, 0
69, 0
70, 0
71, 0
72, 0
73, 0
74, 0
75, 0
76, 0
77, 0
78, 0
79, 0
80, 0
81, 0
82, 0
83, 0
84, 0
85, 0
86, 0
87, 0
88, 0
89, 0
90, 0
91, 0
92, 0
93, 0
94, 0
95, 0
96, 0
97, 0
98, 0
99, 0
100, 0
101, 0
102, 0
103, 0
104, 0
105, 0
106, 0
107, 0
108, 0
109, 0
110, 0
111, 0
112, 0
113, 0
114, 0
115, 0
116, 0
117, 0
118, 0
119, 0
120, 0
121, 0
122, 0
123, 0
124, 0
125, 0
126, 0
127, 0
128, 0
129, 0
130, 0
131, 0
132, 0
133, 0
134, 0
135, 0
136, 0
137, 0
138, 0
139, 0
140, 0
141, 0
142, 0
143, 0
144, 0
145, 0
146, 0
147, 0
148, 0
149, 0
150, 0
151, 0
152, 0
153, 0
154, 0
155, 0
156, 0
157, 0
158, 0
159, 0
160, 0
161, 0
162, 0
163, 0
164, 0
165, 0
166, 0
167, 0
168, 0
169, 0
170, 0
171, 0
172, 0
173, 0
174, 0
175, 0
176, 0
177, 0
178, 0
179, 0
180, 0
181, 0
182, 0
183, 0
184, 0
185, 0
186, 0
187, 0
188, 0
189, 0
190, 0
191, 0
192, 0
193, 0
194, 0
195, 0
196, 0
197, 0
198, 0
199, 0
200, 0
201, 0
202, 0
203, 0
204, 0
205, 0
206, 0
207, 0
208, 0
209, 0
210, 0
211, 0
212, 0
213, 0
214, 0
215, 0
216, 0
217, 0
218, 0
219, 0
220, 0
221, 0
222, 0
223, 0
224, 0
225, 0
226, 0
227, 1
228, 0
229, 0
230, 0
231, 1
232, 0
233, 0
234, 0
235, 1
236, 0
237, 0
238, 0
239, 0
240, 1
241, 0
242, 1
243, 0
244, 1
245, 0
246, 2
247, 0
248, 0
249, 1
250, 1
251, 3
252, 0
253, 2
254, 0
255, 2
256, 3
257, 1
258, 2
259, 2
260, 2
261, 3
262, 1
263, 3
264, 3
265, 1
266, 5
267, 2
268, 2
269, 5
270, 7
271, 10
272, 8
273, 3
274, 5
275, 5
276, 9
277, 14
278, 10
279, 13
280, 15
281, 11
282, 13
283, 15
284, 23
285, 17
286, 9
287, 17
288, 16
289, 14
290, 17
291, 26
292, 22
293, 20
294, 44
295, 23
296, 35
297, 32
298, 36
299, 33
300, 40
301, 37
302, 37
303, 37
304, 39
305, 38
306, 38
307, 59
308, 43
309, 44
310, 43
311, 47
312, 58
313, 60
314, 58
315, 71
316, 63
317, 75
318, 72
319, 64
320, 80
321, 93
322, 79
323, 88
324, 97
325, 67
326, 81
327, 93
328, 91
329, 107
330, 105
331, 109
332, 116
333, 114
334, 113
335, 127
336, 114
337, 131
338, 155
339, 141
340, 121
341, 128
342, 152
343, 139
344, 146
345, 167
346, 182
347, 189
348, 180
349, 165
350, 151
351, 181
352, 193
353, 205
354, 170
355, 215
356, 195
357, 185
358, 199
359, 206
360, 214
361, 218
362, 239
363, 231
364, 248
365, 234
366, 246
367, 234
368, 226
369, 256
370, 243
371, 240
372, 248
373, 225
374, 268
375, 252
376, 263
377, 261
378, 262
379, 285
380, 296
381, 295
382, 311
383, 287
384, 292
385, 299
386, 307
387, 269
388, 280
389, 339
390, 327
391, 319
392, 323
393, 324
394, 322
395, 370
396, 383
397, 306
398, 336
399, 368
400, 358
401, 359
402, 345
403, 367
404, 343
405, 400
406, 348
407, 380
408, 336
409, 368
410, 403
411, 369
412, 346
413, 363
414, 373
415, 413
416, 432
417, 408
418, 403
419, 429
420, 387
421, 373
422, 386
423, 390
424, 417
425, 410
426, 396
427, 417
428, 425
429, 396
430, 369
431, 359
432, 382
433, 405
434, 377
435, 408
436, 406
437, 385
438, 397
439, 429
440, 418
441, 428
442, 393
443, 386
444, 406
445, 409
446, 429
447, 410
448, 395
449, 398
450, 427
451, 396
452, 391
453, 422
454, 406
455, 430
456, 430
457, 402
458, 413
459, 403
460, 422
461, 430
462, 458
463, 393
464, 387
465, 390
466, 401
467, 403
468, 380
469, 427
470, 398
471, 396
472, 412
473, 413
474, 399
475, 424
476, 386
477, 397
478, 382
479, 395
480, 388
481, 331
482, 409
483, 370
484, 363
485, 350
486, 363
487, 329
488, 341
489, 381
490, 339
491, 356
492, 374
493, 359
494, 371
495, 382
496, 365
497, 360
498, 339
499, 377
500, 351
501, 334
502, 329
503, 347
504, 362
505, 319
506, 306
507, 334
508, 308
509, 312
510, 342
511, 291
512, 336
513, 292
514, 341
515, 335
516, 328
517, 306
518, 312
519, 317
520, 302
521, 313
522, 348
523, 349
524, 328
525, 307
526, 280
527, 311
528, 314
529, 309
530, 287
531, 314
532, 307
533, 274
534, 281
535, 296
536, 311
537, 307
538, 305
539, 299
540, 282
541, 282
542, 284
543, 269
544, 288
545, 277
546, 259
547, 275
548, 242
549, 266
550, 232
551, 260
552, 262
553, 275
554, 230
555, 267
556, 235
557, 223
558, 235
559, 254
560, 224
561, 235
562, 254
563, 224
564, 215
565, 227
566, 242
567, 225
568, 229
569, 197
570, 231
571, 218
572, 207
573, 229
574, 227
575, 220
576, 229
577, 213
578, 195
579, 179
580, 209
581, 204
582, 190
583, 206
584, 195
585, 189
586, 192
587, 203
588, 211
589, 167
590, 199
591, 193
592, 188
593, 165
594, 171
595, 191
596, 174
597, 162
598, 182
599, 185
600, 172
601, 157
602, 168
603, 172
604, 165
605, 161
606, 149
607, 159
608, 139
609, 184
610, 151
611, 157
612, 177
613, 156
614, 149
615, 143
616, 155
617, 141
618, 157
619, 123
620, 152
621, 161
622, 129
623, 134
624, 126
625, 131
626, 129
627, 127
628, 123
629, 138
630, 128
631, 149
632, 117
633, 123
634, 123
635, 108
636, 125
637, 108
638, 117
639, 135
640, 120
641, 114
642, 112
643, 100
644, 124
645, 110
646, 117
647, 116
648, 119
649, 103
650, 117
651, 81
652, 96
653, 103
654, 103
655, 106
656, 114
657, 74
658, 88
659, 95
660, 88
661, 84
662, 120
663, 76
664, 94
665, 80
666, 100
667, 82
668, 75
669, 84
670, 98
671, 67
672, 98
673, 71
674, 75
675, 89
676, 88
677, 82
678, 78
679, 89
680, 67
681, 91
682, 81
683, 69
684, 78
685, 73
686, 74
687, 72
688, 87
689, 80
690, 65
691, 71
692, 60
693, 62
694, 62
695, 60
696, 85
697, 62
698, 75
699, 74
700, 56
701, 57
702, 90
703, 68
704, 62
705, 64
706, 56
707, 62
708, 54
709, 51
710, 70
711, 45
712, 50
713, 52
714, 64
715, 57
716, 42
717, 64
718, 56
719, 41
720, 45
721, 56
722, 48
723, 42
724, 48
725, 45
726, 48
727, 42
728, 41
729, 32
730, 31
731, 52
732, 42
733, 31
734, 32
735, 35
736, 51
737, 38
738, 45
739, 47
740, 38
741, 40
742, 38
743, 45
744, 34
745, 35
746, 42
747, 38
748, 29
749, 32
750, 44
751, 32
752, 31
753, 33
754, 32
755, 36
756, 29
757, 28
758, 34
759, 29
760, 31
761, 31
762, 48
763, 36
764, 28
765, 38
766, 32
767, 28
768, 41
769, 23
770, 30
771, 27
772, 28
773, 27
774, 34
775, 25
776, 23
777, 26
778, 28
779, 39
780, 29
781, 18
782, 22
783, 20
784, 25
785, 19
786, 33
787, 12
788, 27
789, 25
790, 19
791, 21
792, 21
793, 25
794, 23
795, 28
796, 20
797, 21
798, 24
799, 11
800, 19
801, 20
802, 19
803, 22
804, 25
805, 16
806, 17
807, 19
808, 14
809, 20
810, 12
811, 21
812, 18
813, 16
814, 10
815, 16
816, 18
817, 21
818, 11
819, 16
820, 10
821, 14
822, 22
823, 16
824, 16
825, 17
826, 13
827, 17
828, 14
829, 15
830, 14
831, 21
832, 17
833, 7
834, 12
835, 12
836, 11
837, 11
838, 13
839, 21
840, 24
841, 17
842, 15
843, 13
844, 16
845, 13
846, 12
847, 12
848, 12
849, 15
850, 5
851, 14
852, 17
853, 11
854, 9
855, 11
856, 9
857, 8
858, 15
859, 10
860, 6
861, 16
862, 12
863, 12
864, 9
865, 7
866, 7
867, 11
868, 10
869, 11
870, 7
871, 10
872, 6
873, 6
874, 10
875, 9
876, 11
877, 7
878, 8
879, 5
880, 7
881, 8
882, 9
883, 11
884, 8
885, 6
886, 7
887, 9
888, 5
889, 3
890, 8
891, 7
892, 6
893, 5
894, 8
895, 7
896, 12
897, 8
898, 9
899, 3
900, 12
901, 8
902, 7
903, 7
904, 6
905, 8
906, 4
907, 3
908, 8
909, 7
910, 3
911, 8
912, 8
913, 4
914, 7
915, 6
916, 5
917, 3
918, 6
919, 4
920, 4
921, 7
922, 3
923, 5
924, 9
925, 5
926, 9
927, 6
928, 3
929, 1
930, 6
931, 10
932, 9
933, 4
934, 3
935, 6
936, 9
937, 5
938, 4
939, 3
940, 3
941, 6
942, 4
943, 8
944, 2
945, 6
946, 2
947, 1
948, 2
949, 2
950, 3
951, 5
952, 4
953, 2
954, 5
955, 5
956, 2
957, 2
958, 2
959, 6
960, 4
961, 2
962, 3
963, 3
964, 2
965, 4
966, 3
967, 3
968, 1
969, 3
970, 3
971, 1
972, 4
973, 4
974, 3
975, 2
976, 2
977, 3
978, 2
979, 1
980, 5
981, 4
982, 0
983, 2
984, 2
985, 2
986, 3
987, 5
988, 2
989, 1
990, 2
991, 5
992, 3
993, 3
994, 1
995, 2
996, 4
997, 0
998, 0
999, 3
1000, 4
1001, 1
1002, 1
1003, 1
1004, 1
1005, 3
1006, 2
1007, 3
1008, 1
1009, 2
1010, 1
1011, 1
1012, 3
1013, 0
1014, 3
1015, 1
1016, 3
1017, 0
1018, 2
1019, 0
1020, 1
1021, 1
1022, 1
1023, 2
1024, 2
1025, 0
1026, 1
1027, 0
1028, 2
1029, 1
1030, 1
1031, 4
1032, 1
1033, 3
1034, 1
1035, 1
1036, 0
1037, 0
1038, 4
1039, 0
1040, 2
1041, 2
1042, 2
1043, 2
1044, 1
1045, 1
1046, 0
1047, 3
1048, 0
1049, 2
1050, 1
1051, 0
1052, 2
1053, 2
1054, 1
1055, 0
1056, 0
1057, 1
1058, 1
1059, 0
1060, 0
1061, 2
1062, 0
1063, 0
1064, 0
1065, 2
1066, 0
1067, 1
1068, 1
1069, 0
1070, 1
1071, 1
1072, 1
1073, 1
1074, 0
1075, 0
1076, 3
1077, 2
1078, 0
1079, 0
1080, 2
1081, 1
1082, 1
1083, 0
1084, 1
1085, 0
1086, 1
1087, 0
1088, 0
1089, 3
1090, 0
1091, 0
1092, 0
1093, 1
1094, 1
1095, 1
1096, 2
1097, 0
1098, 0
1099, 0
1100, 0
1101, 0
1102, 2
1103, 0
1104, 0
1105, 0
1106, 2
1107, 2
1108, 0
1109, 0
1110, 0
1111, 0
1112, 1
1113, 0
1114, 0
1115, 0
1116, 0
1117, 1
1118, 0
1119, 0
1120, 0
1121, 0
1122, 1
1123, 1
1124, 1
1125, 0
1126, 0
1127, 0
1128, 0
1129, 1
1130, 0
1131, 0
1132, 0
1133, 0
1134, 1
1135, 0
1136, 0
1137, 0
1138, 0
1139, 1
1140, 0
1141, 1
1142, 1
1143, 0
1144, 0
1145, 1
1146, 0
1147, 0
1148, 0
1149, 0
1150, 1
1151, 0
1152, 0
1153, 0
1154, 1
1155, 0
1156, 0
1157, 2
1158, 0
1159, 0
1160, 0
1161, 0
1162, 0
1163, 0
1164, 0
1165, 1
1166, 0
1167, 0
1168, 0
1169, 0
1170, 0
1171, 0
1172, 0
1173, 0
1174, 0
1175, 0
1176, 0
1177, 0
1178, 1
1179, 0
1180, 0
1181, 1
1182, 0
1183, 0
1184, 0
1185, 0
1186, 1
1187, 0
1188, 0
1189, 0
1190, 0
1191, 0
1192, 1
1193, 0
1194, 0
1195, 0
1196, 2
1197, 0
1198, 0
1199, 0
1200, 0
1201, 1
1202, 1
1203, 0
1204, 0
1205, 0
1206, 0
1207, 2
1208, 0
1209, 0
1210, 0
1211, 1
1212, 0
1213, 0
1214, 0
1215, 0
1216, 0
1217, 0
1218, 0
1219, 0
1220, 0
1221, 0
1222, 0
1223, 0
1224, 0
1225, 0
1226, 1
1227, 0
1228, 0
1229, 0
1230, 0
1231, 0
1232, 0
1233, 0
1234, 0
1235, 0
1236, 0
1237, 0
1238, 1
1239, 0
1240, 0
1241, 0
1242, 0
1243, 1
1244, 0
1245, 0
1246, 0
1247, 0
1248, 0
1249, 0
1250, 0
1251, 0
1252, 0
1253, 0
1254, 0
1255, 0
1256, 0
1257, 0
1258, 0
1259, 0
1260, 0
1261, 0
1262, 0
1263, 0
1264, 0
1265, 0
1266, 0
1267, 0
1268, 0
1269, 0
1270, 0
1271, 0
1272, 1
1273, 0
1274, 0
1275, 0
1276, 0
1277, 0
1278, 0
1279, 0
1280, 0
1281, 0
1282, 0
1283, 0
1284, 0
1285, 0
1286, 0
1287, 0
1288, 0
1289, 0
1290, 0
1291, 0
1292, 0
1293, 0
1294, 0
1295, 0
1296, 0
1297, 0
1298, 1
1299, 0
1300, 0
1301, 0
1302, 0
1303, 0
1304, 0
1305, 0
1306, 0
1307, 0
1308, 0
1309, 0
1310, 0
1311, 0
1312, 0
1313, 0
1314, 0
1315, 0
1316, 1
1317, 0
1318, 0
1319, 0
1320, 0
1321, 0
1322, 0
1323, 0
1324, 0
1325, 0
1326, 0
1327, 0
1328, 0
1329, 0
1330, 0
1331, 0
1332, 0
1333, 0
1334, 0
1335, 0
1336, 0
1337, 0
1338, 0
1339, 0
1340, 0
1341, 0
1342, 0
1343, 0
1344, 0
1345, 0
1346, 0
1347, 0
1348, 0
1349, 1
1350, 0
1351, 0
1352, 0
1353, 0
1354, 0
1355, 0
1356, 0
1357, 0
1358, 0
1359, 0
1360, 0
1361, 0
1362, 0
1363, 0
1364, 0
1365, 0
1366, 0
1367, 0
1368, 0
1369, 0
1370, 0
1371, 0
1372, 0
1373, 0
1374, 0
1375, 0
1376, 0
1377, 0
1378, 0
1379, 0
1380, 0
1381, 0
1382, 0
1383, 0
1384, 0
1385, 0
1386, 0
1387, 0
1388, 0
1389, 0
1390, 0
1391, 0
1392, 0
1393, 0
1394, 0
1395, 0
1396, 0
1397, 0
1398, 0
1399, 0
1400, 0
1401, 0
1402, 0
1403, 0
1404, 0
1405, 0
1406, 0
1407, 0
1408, 0
1409, 0
1410, 0
1411, 0
1412, 0
1413, 0
1414, 0
1415, 0
1416, 0
1417, 0
1418, 0
1419, 0
1420, 0
1421, 0
1422, 0
1423, 0
1424, 0
1425, 0
1426, 0
1427, 0
1428, 0
1429, 0
1430, 0
1431, 0
1432, 0
1433, 0
1434, 0
1435, 0
1436, 0
1437, 0
1438, 0
1439, 0
1440, 0
1441, 0
1442, 0
1443, 0
1444, 0
1445, 0
1446, 0
1447, 0
1448, 0
1449, 0
1450, 0
1451, 0
1452, 0
1453, 0
1454, 0
1455, 0
1456, 0
1457, 0
1458, 0
1459, 0
1460, 0
1461, 0
1462, 0
1463, 0
1464, 0
1465, 0
1466, 0
1467, 0
1468, 0
1469, 0
1470, 0
1471, 0
1472, 0
1473, 0
1474, 0
1475, 0
1476, 0
1477, 0
1478, 0
1479, 0
1480, 0
1481, 0
1482, 0
1483, 0
1484, 0
1485, 0
1486, 0
1487, 0
1488, 0
1489, 0
1490, 0
1491, 0
1492, 0
1493, 0
1494, 0
1495, 0
1496, 0
1497, 0
1498, 0
1499, 0
1500, 0
1501, 0
1502, 0
1503, 0
1504, 0
1505, 0
1506, 0
1507, 0
1508, 0
1509, 0
1510, 0
1511, 0
1512, 0
1513, 0
1514, 0
1515, 0
1516, 0
1517, 0
1518, 0
1519, 0
1520, 0
1521, 0
1522, 0
1523, 0
1524, 0
1525, 0
1526, 0
1527, 0
1528, 0
1529, 0
1530, 0
1531, 0
1532, 0
1533, 0
1534, 0
1535, 0
1536, 0
1537, 0
1538, 0
1539, 0
1540, 0
1541, 0
1542, 0
1543, 0
1544, 0
1545, 0
1546, 0
1547, 0
1548, 0
1549, 0
1550, 0
1551, 0
1552, 0
1553, 0
1554, 0
1555, 0
1556, 0
1557, 0
1558, 0
1559, 0
1560, 0
1561, 0
1562, 0
1563, 0
1564, 0
1565, 0
1566, 0
1567, 0
1568, 0
1569, 0
1570, 0
1571, 0
1572, 0
1573, 0
1574, 0
1575, 0
1576, 0
1577, 0
1578, 1
