0,0
1,937260
2,4531120
3,3180709
4,986673
5,289610
6,65308
7,8114
8,1140
9,64
10,2
0,0
1,937260
2,4531120
3,3180709
4,986673
5,289610
6,65308
7,8114
8,1140
9,64
10,2
0,0
1,937260
2,4531120
3,3180709
4,986673
5,289610
6,65308
7,8114
8,1140
9,64
10,2
0,0
1,937260
2,4531120
3,3180709
4,986673
5,289610
6,65308
7,8114
8,1140
9,64
10,2
0,0
1,937260
2,4531120
3,3180709
4,986673
5,289610
6,65308
7,8114
8,1140
9,64
10,2
0,0
1,937260
2,4531120
3,3180709
4,986673
5,289610
6,65308
7,8114
8,1140
9,64
10,2
0,0
1,937260
2,4531120
3,3180709
4,986673
5,289610
6,65308
7,8114
8,1140
9,64
10,2
0,0
1,937260
2,4531120
3,3180709
4,986673
5,289610
6,65308
7,8114
8,1140
9,64
10,2
0,0
1,937260
2,4531120
3,3180709
4,986673
5,289610
6,65308
7,8114
8,1140
9,64
10,2
0,0
1,937260
2,4531120
3,3180709
4,986673
5,289610
6,65308
7,8114
8,1140
9,64
10,2
0,0
1,937260
2,4531120
3,3180709
4,986673
5,289610
6,65308
7,8114
8,1140
9,64
10,2
0,0
1,937260
2,4531120
3,3180709
4,986673
5,289610
6,65308
7,8114
8,1140
9,64
10,2
0,0
1,937260
2,4531120
3,3180709
4,986673
5,289610
6,65308
7,8114
8,1140
9,64
10,2
0,0
1,937260
2,4531120
3,3180709
4,986673
5,289610
6,65308
7,8114
8,1140
9,64
10,2
0,0
1,937260
2,4531120
3,3180709
4,986673
5,289610
6,65308
7,8114
8,1140
9,64
10,2
0,0
1,937260
2,4531120
3,3180709
4,986673
5,289610
6,65308
7,8114
8,1140
9,64
10,2
0,0
1,937260
2,4531120
3,3180709
4,986673
5,289610
6,65308
7,8114
8,1140
9,64
10,2
0,0
1,937260
2,4531120
3,3180709
4,986673
5,289610
6,65308
7,8114
8,1140
9,64
10,2
0,0
1,937260
2,4531120
3,3180709
4,986673
5,289610
6,65308
7,8114
8,1140
9,64
10,2
0,0
1,937260
2,4531120
3,3180709
4,986673
5,289610
6,65308
7,8114
8,1140
9,64
10,2
0,0
1,937260
2,4531120
3,3180709
4,986673
5,289610
6,65308
7,8114
8,1140
9,64
10,2
0,0
1,937260
2,4531120
3,3180709
4,986673
5,289610
6,65308
7,8114
8,1140
9,64
10,2
0,0
1,937260
2,4531120
3,3180709
4,986673
5,289610
6,65308
7,8114
8,1140
9,64
10,2
0,0
1,937260
2,4531120
3,3180709
4,986673
5,289610
6,65308
7,8114
8,1140
9,64
10,2
0,0
1,937260
2,4531120
3,3180709
4,986673
5,289610
6,65308
7,8114
8,1140
9,64
10,2
0,0
1,937260
2,4531120
3,3180709
4,986673
5,289610
6,65308
7,8114
8,1140
9,64
10,2
0,0
1,937260
2,4531120
3,3180709
4,986673
5,289610
6,65308
7,8114
8,1140
9,64
10,2
0,0
1,937260
2,4531120
3,3180709
4,986673
5,289610
6,65308
7,8114
8,1140
9,64
10,2
0,0
1,937260
2,4531120
3,3180709
4,986673
5,289610
6,65308
7,8114
8,1140
9,64
10,2
0,0
1,937260
2,4531120
3,3180709
4,986673
5,289610
6,65308
7,8114
8,1140
9,64
10,2
0,0
1,937260
2,4531120
3,3180709
4,986673
5,289610
6,65308
7,8114
8,1140
9,64
10,2
0,0
1,937260
2,4531120
3,3180709
4,986673
5,289610
6,65308
7,8114
8,1140
9,64
10,2
0,0
1,937260
2,4531120
3,3180709
4,986673
5,289610
6,65308
7,8114
8,1140
9,64
10,2
0,0
1,937260
2,4531120
3,3180709
4,986673
5,289610
6,65308
7,8114
8,1140
9,64
10,2
0,0
1,937260
2,4531120
3,3180709
4,986673
5,289610
6,65308
7,8114
8,1140
9,64
10,2
0,0
1,937260
2,4531120
3,3180709
4,986673
5,289610
6,65308
7,8114
8,1140
9,64
10,2
0,0
1,937260
2,4531120
3,3180709
4,986673
5,289610
6,65308
7,8114
8,1140
9,64
10,2
0,0
1,937260
2,4531120
3,3180709
4,986673
5,289610
6,65308
7,8114
8,1140
9,64
10,2
0,0
1,937260
2,4531120
3,3180709
4,986673
5,289610
6,65308
7,8114
8,1140
9,64
10,2
0,0
1,937260
2,4531120
3,3180709
4,986673
5,289610
6,65308
7,8114
8,1140
9,64
10,2
0,0
1,937260
2,4531120
3,3180709
4,986673
5,289610
6,65308
7,8114
8,1140
9,64
10,2
0,0
1,93747553
2,453142580
3,318132982
4,98567418
5,28973477
6,6511488
7,808178
8,109783
9,6149
10,392
0,0
1,93747553
2,453142580
3,318132982
4,98567418
5,28973477
6,6511488
7,808178
8,109783
9,6149
10,392
0,0
1,93747553
2,453142580
3,318132982
4,98567418
5,28973477
6,6511488
7,808178
8,109783
9,6149
10,392
0,0
1,93747553
2,453142580
3,318132982
4,98567418
5,28973477
6,6511488
7,808178
8,109783
9,6149
10,392
0,0
1,93747553
2,453142580
3,318132982
4,98567418
5,28973477
6,6511488
7,808178
8,109783
9,6149
10,392
0,0
1,93747553
2,453142580
3,318132982
4,98567418
5,28973477
6,6511488
7,808178
8,109783
9,6149
10,392
0,0
1,93747553
2,453142580
3,318132982
4,98567418
5,28973477
6,6511488
7,808178
8,109783
9,6149
10,392
0,0
1,93747553
2,453142580
3,318132982
4,98567418
5,28973477
6,6511488
7,808178
8,109783
9,6149
10,392
0,0
1,93747553
2,453142580
3,318132982
4,98567418
5,28973477
6,6511488
7,808178
8,109783
9,6149
10,392
0,0
1,93747553
2,453142580
3,318132982
4,98567418
5,28973477
6,6511488
7,808178
8,109783
9,6149
10,392
0,0
1,93747553
2,453142580
3,318132982
4,98567418
5,28973477
6,6511488
7,808178
8,109783
9,6149
10,392
0,0
1,93747553
2,453142580
3,318132982
4,98567418
5,28973477
6,6511488
7,808178
8,109783
9,6149
10,392
0,0
1,93747553
2,453142580
3,318132982
4,98567418
5,28973477
6,6511488
7,808178
8,109783
9,6149
10,392
0,0
1,93747553
2,453142580
3,318132982
4,98567418
5,28973477
6,6511488
7,808178
8,109783
9,6149
10,392
0,0
1,93747553
2,453142580
3,318132982
4,98567418
5,28973477
6,6511488
7,808178
8,109783
9,6149
10,392
0,0
1,93747553
2,453142580
3,318132982
4,98567418
5,28973477
6,6511488
7,808178
8,109783
9,6149
10,392
0,0
1,93747553
2,453142580
3,318132982
4,98567418
5,28973477
6,6511488
7,808178
8,109783
9,6149
10,392
0,0
1,93747553
2,453142580
3,318132982
4,98567418
5,28973477
6,6511488
7,808178
8,109783
9,6149
10,392
0,0
1,93747553
2,453142580
3,318132982
4,98567418
5,28973477
6,6511488
7,808178
8,109783
9,6149
10,392
0,0
1,93747553
2,453142580
3,318132982
4,98567418
5,28973477
6,6511488
7,808178
8,109783
9,6149
10,392
0,0
1,93747553
2,453142580
3,318132982
4,98567418
5,28973477
6,6511488
7,808178
8,109783
9,6149
10,392
0,0
1,93747553
2,453142580
3,318132982
4,98567418
5,28973477
6,6511488
7,808178
8,109783
9,6149
10,392
0,0
1,93747553
2,453142580
3,318132982
4,98567418
5,28973477
6,6511488
7,808178
8,109783
9,6149
10,392
0,0
1,93747553
2,453142580
3,318132982
4,98567418
5,28973477
6,6511488
7,808178
8,109783
9,6149
10,392
0,0
1,93747553
2,453142580
3,318132982
4,98567418
5,28973477
6,6511488
7,808178
8,109783
9,6149
10,392
0,0
1,93747553
2,453142580
3,318132982
4,98567418
5,28973477
6,6511488
7,808178
8,109783
9,6149
10,392
0,0
1,93747553
2,453142580
3,318132982
4,98567418
5,28973477
6,6511488
7,808178
8,109783
9,6149
10,392
0,0
1,93747553
2,453142580
3,318132982
4,98567418
5,28973477
6,6511488
7,808178
8,109783
9,6149
10,392
0,0
1,93747553
2,453142580
3,318132982
4,98567418
5,28973477
6,6511488
7,808178
8,109783
9,6149
10,392
0,0
1,93747553
2,453142580
3,318132982
4,98567418
5,28973477
6,6511488
7,808178
8,109783
9,6149
10,392
0,0
1,93747553
2,453142580
3,318132982
4,98567418
5,28973477
6,6511488
7,808178
8,109783
9,6149
10,392
0,0
1,93747553
2,453142580
3,318132982
4,98567418
5,28973477
6,6511488
7,808178
8,109783
9,6149
10,392
0,0
1,93747553
2,453142580
3,318132982
4,98567418
5,28973477
6,6511488
7,808178
8,109783
9,6149
10,392
0,0
1,93747553
2,453142580
3,318132982
4,98567418
5,28973477
6,6511488
7,808178
8,109783
9,6149
10,392
0,0
1,93747553
2,453142580
3,318132982
4,98567418
5,28973477
6,6511488
7,808178
8,109783
9,6149
10,392
0,0
1,93747553
2,453142580
3,318132982
4,98567418
5,28973477
6,6511488
7,808178
8,109783
9,6149
10,392
0,0
1,93747553
2,453142580
3,318132982
4,98567418
5,28973477
6,6511488
7,808178
8,109783
9,6149
10,392
0,0
1,93747553
2,453142580
3,318132982
4,98567418
5,28973477
6,6511488
7,808178
8,109783
9,6149
10,392
0,0
1,93747553
2,453142580
3,318132982
4,98567418
5,28973477
6,6511488
7,808178
8,109783
9,6149
10,392
0,0
1,93747553
2,453142580
3,318132982
4,98567418
5,28973477
6,6511488
7,808178
8,109783
9,6149
10,392
0,0
1,93747553
2,453142580
3,318132982
4,98567418
5,28973477
6,6511488
7,808178
8,109783
9,6149
10,392
0,0
1,93732181
2,453135706
3,318144318
4,98576385
5,28977460
6,6509186
7,807957
8,110236
9,6199
10,372
0,0
1,93740889
2,453103684
3,318174280
4,98570908
5,28975832
6,6509924
7,808287
8,109667
9,6150
10,379
0,0
1,93754420
2,453140178
3,318138494
4,98563812
5,28973378
6,6506005
7,807018
8,110006
9,6286
10,403
0,0
1,93746513
2,453108446
3,318171999
4,98563692
5,28978604
6,6507660
7,806522
8,109971
9,6157
10,436
0,0
1,93741060
2,453136955
3,318155999
4,98551324
5,28972543
6,6517042
7,808746
8,109782
9,6189
10,360
0,0
1,93769498
2,453098192
3,318151336
4,98582230
5,28965499
6,6508668
7,808421
8,109587
9,6175
10,394
0,0
1,93757979
2,453109535
3,318146017
4,98568575
5,28982681
6,6509810
7,809177
8,109709
9,6133
10,384
0,0
1,93741331
2,453116772
3,318150777
4,98582742
5,28970817
6,6511875
7,809289
8,109918
9,6110
10,369
0,0
1,93770912
2,453120624
3,318136988
4,98570539
5,28966680
6,6509716
7,808370
8,109768
9,6044
10,359
0,0
1,93767075
2,453126364
3,318130631
4,98565379
5,28978528
6,6508373
7,807468
8,109698
9,6112
10,372
0,0
1,93748467
2,453110854
3,318169622
4,98566343
5,28970601
6,6509901
7,807785
8,109963
9,6086
10,378
0,0
1,93751373
2,453124530
3,318128163
4,98578312
5,28979526
6,6513053
7,808283
8,110223
9,6161
10,376
0,0
1,93740131
2,453123302
3,318134591
4,98588835
5,28979444
6,6508985
7,808916
8,109266
9,6190
10,340
0,0
1,93758715
2,453157561
3,318131378
4,98555794
5,28964425
6,6508827
7,806865
8,109912
9,6128
10,395
0,0
1,93743810
2,453140944
3,318134003
4,98575675
5,28975322
6,6506894
7,806783
8,109945
9,6234
10,390
0,0
1,93750326
2,453135670
3,318160852
4,98556112
5,28971251
6,6501977
7,807089
8,110194
9,6147
10,382
0,0
1,93744330
2,453107976
3,318148519
4,98582603
5,28984046
6,6508200
7,807746
8,110045
9,6177
10,358
0,0
1,93735353
2,453132216
3,318155840
4,98568356
5,28976409
6,6508724
7,806946
8,109762
9,6040
10,354
0,0
1,93761010
2,453115637
3,318131039
4,98586203
5,28977185
6,6504754
7,807542
8,110085
9,6129
10,416
0,0
1,93760264
2,453099058
3,318170329
4,98574522
5,28963082
6,6509589
7,806112
8,110423
9,6226
10,395
0,0
1,93734052
2,453116080
3,318156951
4,98581246
5,28979412
6,6508342
7,806951
8,110405
9,6209
10,352
0,0
1,93740851
2,453119745
3,318163760
4,98569604
5,28974312
6,6508051
7,807710
8,109512
9,6102
10,353
0,0
1,93749496
2,453138276
3,318130165
4,98573477
5,28977578
6,6506644
7,808161
8,109764
9,6076
10,363
0,0
1,93758242
2,453134595
3,318143375
4,98552802
5,28975964
6,6509924
7,808431
8,110120
9,6169
10,378
0,0
1,93760016
2,453097901
3,318152170
4,98580671
5,28978038
6,6505393
7,809174
8,110242
9,6017
10,378
0,0
1,93755089
2,453103790
3,318165913
4,98566699
5,28974494
6,6510179
7,807229
8,110156
9,6099
10,352
0,0
1,93758182
2,453142257
3,318127986
4,98567977
5,28973420
6,6506174
7,807316
8,110186
9,6099
10,403
0,0
1,93750754
2,453148169
3,318132605
4,98549903
5,28985152
6,6508941
7,807973
8,109953
9,6167
10,383
0,0
1,93764888
2,453104142
3,318159402
4,98566136
5,28974553
6,6507663
7,806823
8,109709
9,6313
10,371
0,0
1,93751684
2,453136088
3,318158221
4,98553330
5,28967160
6,6508584
7,808262
8,110149
9,6163
10,359
0,0
1,93737275
2,453151063
3,318140695
4,98568980
5,28967615
6,6510707
7,807577
8,109611
9,6079
10,398
0,0
1,93739866
2,453095028
3,318172548
4,98575455
5,28979622
6,6511661
7,808784
8,110615
9,6039
10,382
0,0
1,93753745
2,453135174
3,318126048
4,98563340
5,28985834
6,6510841
7,808789
8,109716
9,6149
10,364
0,0
1,93743135
2,453122783
3,318141687
4,98580842
5,28977818
6,6509783
7,807434
8,110007
9,6120
10,391
0,0
1,93744961
2,453127071
3,318134955
4,98578150
5,28979712
6,6509977
7,809230
8,109707
9,5883
10,354
0,0
1,93766842
2,453154251
3,318118145
4,98549017
5,28976263
6,6512612
7,806471
8,109918
9,6097
10,384
0,0
1,93757571
2,453137615
3,318144528
4,98553793
5,28967801
6,6513108
7,809290
8,109799
9,6106
10,389
0,0
1,93753519
2,453129545
3,318134298
4,98586424
5,28964387
6,6507228
7,807904
8,110153
9,6154
10,388
0,0
1,93738081
2,453116138
3,318181376
4,98561222
5,28969662
6,6509524
7,808119
8,109235
9,6255
10,388
0,0
1,93735604
2,453109272
3,318175225
4,98572314
5,28979157
6,6504930
7,806602
8,110386
9,6162
10,348
0,0
1,93741209
2,453131265
3,318146900
4,98573293
5,28973330
6,6508467
7,808547
8,110375
9,6221
10,393
