1,0
2,0
3,0
4,1
5,1
6,2
7,2
8,3
9,3
10,3
11,4
12,4
13,5
14,6
15,6
16,7
17,7
18,7
19,8
20,8
21,7
22,9
23,9
24,10
25,10
26,10
27,11
28,11
29,11
30,13
31,12
32,13
33,13
34,15
35,14
36,13
37,15
38,16
39,14
40,16
41,15
42,16
43,18
44,18
45,17
46,20
47,17
48,17
49,19
50,21
51,18
52,18
53,22
54,19
55,20
56,22
57,20
58,22
59,21
60,22
61,23
62,24
63,24
64,21
65,25
66,24
67,25
68,26
69,26
70,25
71,27
72,26
73,26
74,28
75,27
76,28
77,29
78,28
79,28
80,29
81,31
82,30
83,32
84,33
85,32
86,32
87,32
88,31
89,32
90,31
91,32
92,35
93,33
94,34
95,34
96,36
97,37
98,38
99,35
100,35
101,38
102,37
103,40
104,34
105,39
106,40
107,38
108,38
109,38
110,38
111,36
112,41
113,37
114,42
115,38
116,44
117,42
118,39
119,43
120,45
121,41
122,44
123,43
124,47
125,41
126,46
127,44
128,41
129,47
130,49
131,43
132,40
133,41
134,45
135,48
136,46
137,48
138,51
139,46
140,47
141,45
142,44
143,49
144,48
145,51
146,50
147,50
148,49
149,51
150,49
151,50
152,51
153,47
154,52
155,47
156,51
157,52
158,52
159,51
160,52
161,55
162,53
163,49
164,57
165,52
166,56
167,52
168,52
169,53
170,55
171,46
172,59
173,61
174,57
175,53
176,58
177,63
178,57
179,54
180,59
181,57
182,57
183,57
184,57
185,59
186,59
187,60
188,63
189,62
190,67
191,60
192,65
193,65
194,65
195,63
196,70
197,64
198,63
199,67
200,65
