0,0
1,38396832
2,327366581
3,355492702
4,173567357
5,70185262
6,25515244
7,7248912
8,1777306
9,377771
10,62040
11,8859
12,1025
13,105
14,4
0,0
1,38396484
2,327371854
3,355498074
4,173549944
5,70195571
6,25508032
7,7254828
8,1777270
9,376591
10,61346
11,8944
12,957
13,96
14,8
15,1
0,0
1,38391047
2,327397334
3,355469060
4,173569878
5,70190855
6,25512008
7,7247628
8,1774732
9,375719
10,61557
11,9090
12,1003
13,81
14,8
0,0
1,38391471
2,327371514
3,355497649
4,173566003
5,70197089
6,25506837
7,7246801
8,1773972
9,377243
10,61313
11,9021
12,985
13,92
14,10
0,0
1,38395993
2,327357437
3,355479216
4,173582384
5,70203930
6,25512183
7,7246760
8,1773348
9,377171
10,61551
11,8923
12,988
13,107
14,8
15,1
0,0
1,38394969
2,327384961
3,355483191
4,173557260
5,70201601
6,25501806
7,7250002
8,1777161
9,376756
10,62189
11,9073
12,935
13,89
14,7
0,0
1,38404539
2,327381447
3,355466372
4,173561474
5,70200687
6,25509008
7,7253246
8,1774576
9,376840
10,61645
11,9050
12,1001
13,106
14,8
15,1
0,0
1,38401709
2,327382826
3,355472066
4,173561887
5,70195464
6,25514618
7,7246314
8,1776256
9,376950
10,61743
11,9062
12,999
13,98
14,6
15,2
0,0
1,38387365
2,327370497
3,355500602
4,173558298
5,70189627
6,25518071
7,7250496
8,1776446
9,376966
10,61601
11,8949
12,977
13,100
14,5
0,0
1,38401760
2,327366148
3,355495042
4,173559160
5,70195783
6,25513630
7,7246215
8,1774094
9,376788
10,61338
11,8951
12,1003
13,84
14,4
0,0
1,38399112
2,327373343
3,355487014
4,173577388
5,70185057
6,25503223
7,7251781
8,1774737
9,376774
10,61576
11,8955
12,950
13,83
14,7
0,0
1,38413766
2,327380309
3,355470777
4,173562954
5,70194366
6,25507945
7,7247765
8,1774068
9,376481
10,61607
11,8884
12,995
13,76
14,6
15,1
0,0
1,38405606
2,327413847
3,355454265
4,173557980
5,70190954
6,25504748
7,7251125
8,1772440
9,377271
10,61784
11,8873
12,1023
13,76
14,8
0,0
1,38402088
2,327347294
3,355487079
4,173575481
5,70209299
6,25504639
7,7250263
8,1775877
9,376361
10,61482
11,8996
12,1032
13,101
14,8
0,0
1,38390043
2,327371683
3,355484646
4,173576585
5,70189994
6,25513174
7,7252677
8,1773245
9,376630
10,61226
11,8983
12,1000
13,107
14,6
15,1
0,0
1,38396508
2,327356636
3,355506905
4,173559216
5,70197815
6,25507058
7,7251495
8,1775989
9,376957
10,61510
11,8808
12,991
13,110
14,2
0,0
1,38391871
2,327374233
3,355506094
4,173555684
5,70195961
6,25504115
7,7247083
8,1775832
9,377169
10,61980
11,8882
12,1001
13,91
14,4
0,0
1,38397481
2,327365633
3,355507954
4,173553644
5,70185713
6,25514035
7,7251197
8,1775669
9,376986
10,61591
11,9011
12,984
13,100
14,2
0,0
1,38409262
2,327359033
3,355503356
4,173549878
5,70194732
6,25505949
7,7250434
8,1778909
9,376244
10,62166
11,8907
12,1029
13,93
14,8
0,0
1,38401313
2,327356258
3,355495987
4,173577031
5,70188963
6,25513437
7,7243400
8,1774091
9,377631
10,61869
11,8906
12,1006
13,102
14,5
15,1
0,0
1,38405049
2,327353212
3,355497146
4,173564244
5,70191258
6,25514645
7,7250460
8,1776024
9,376171
10,61685
11,8958
12,1030
13,109
14,9
0,0
1,38395075
2,327373675
3,355500435
4,173555638
5,70187365
6,25518760
7,7247204
8,1773388
9,376622
10,61798
11,8917
12,1022
13,96
14,5
0,0
1,38381449
2,327399516
3,355490703
4,173564550
5,70177233
6,25508998
7,7254967
8,1774415
9,376719
10,61432
11,8976
12,947
13,92
14,3
0,0
1,38403960
2,327369812
3,355503882
4,173557142
5,70187801
6,25506183
7,7246628
8,1776240
9,376697
10,61501
11,9046
12,1001
13,102
14,5
0,0
1,38391333
2,327362978
3,355489583
4,173565320
5,70200370
6,25515706
7,7250000
8,1776518
9,376661
10,61504
11,8964
12,955
13,104
14,4
0,0
1,38403046
2,327343266
3,355497849
4,173565073
5,70203407
6,25513752
7,7250368
8,1774832
9,376835
10,61531
11,8955
12,993
13,85
14,7
15,1
0,0
1,38393267
2,327359424
3,355507401
4,173568269
5,70188053
6,25509663
7,7252239
8,1772412
9,377350
10,61681
11,9149
12,1000
13,82
14,9
15,1
0,0
1,38397264
2,327359227
3,355509112
4,173569871
5,70185126
6,25510328
7,7245168
8,1774397
9,377777
10,61619
11,8946
12,1059
13,102
14,3
15,1
0,0
1,38413171
2,327366030
3,355478215
4,173566011
5,70188936
6,25513962
7,7248550
8,1777206
9,376797
10,61131
11,8939
12,957
13,89
14,5
15,1
0,0
1,38404012
2,327357312
3,355491032
4,173564672
5,70193415
6,25512565
7,7251197
8,1776543
9,377414
10,61769
11,9033
12,946
13,89
14,1
0,0
1,38396375
2,327364151
3,355495890
4,173560901
5,70191479
6,25518494
7,7249408
8,1774887
9,376828
10,61444
11,9006
12,1024
13,105
14,7
15,0
16,1
0,0
1,38407646
2,327366128
3,355496046
4,173566125
5,70176584
6,25518432
7,7248454
8,1771986
9,376688
10,61887
11,8932
12,999
13,87
14,5
15,1
0,0
1,38408669
2,327359668
3,355508110
4,173535790
5,70207218
6,25509678
7,7246856
8,1774363
9,377437
10,62111
11,9031
12,965
13,99
14,4
15,1
0,0
1,38396753
2,327375853
3,355480955
4,173576385
5,70192818
6,25506436
7,7246916
8,1775090
9,376916
10,61904
11,8925
12,935
13,107
14,7
0,0
1,38407157
2,327387355
3,355476331
4,173564555
5,70190158
6,25503272
7,7249274
8,1773361
9,376464
10,61899
11,9092
12,963
13,113
14,6
0,0
1,38402712
2,327380939
3,355464482
4,173586109
5,70181858
6,25510469
7,7250555
8,1774088
9,377203
10,61703
11,8813
12,957
13,103
14,9
0,0
1,38400006
2,327356768
3,355504055
4,173557255
5,70193582
6,25512702
7,7250534
8,1775285
9,377893
10,61906
11,8902
12,1006
13,101
14,4
15,1
0,0
1,38406951
2,327362369
3,355500425
4,173565036
5,70180978
6,25512750
7,7247250
8,1775803
9,376505
10,61799
11,9056
12,980
13,95
14,3
0,0
1,38406913
2,327364011
3,355479672
4,173574801
5,70197180
6,25508014
7,7246233
8,1774515
9,376746
10,61895
11,8933
12,975
13,109
14,3
0,0
1,38403451
2,327368678
3,355497491
4,173553580
5,70190783
6,25516416
7,7245799
8,1775360
9,377241
10,61270
11,8840
12,981
13,103
14,7
0,0
1,38402516
2,327383393
3,355505091
4,173546554
5,70181127
6,25508255
7,7251153
8,1774025
9,376293
10,61405
11,9178
12,921
13,82
14,7
