0,0
1,93560
2,453478
3,318183
4,98328
5,29070
6,6539
7,730
8,107
9,5
0,0
1,93050
2,454554
3,317286
4,98783
5,28920
6,6462
7,831
8,112
9,2
0,0
1,93701
2,452133
3,319173
4,98854
5,28729
6,6431
7,861
8,110
9,8
0,0
1,93503
2,453169
3,318659
4,98339
5,28984
6,6385
7,823
8,128
9,10
0,0
1,93884
2,453104
3,318883
4,97873
5,28968
6,6397
7,772
8,115
9,3
10,1
0,0
1,93611
2,452733
3,318959
4,98324
5,29126
6,6337
7,785
8,118
9,7
0,0
1,93411
2,453339
3,318129
4,98663
5,28931
6,6642
7,780
8,102
9,3
0,0
1,93690
2,453013
3,318359
4,98507
5,29064
6,6496
7,762
8,104
9,5
0,0
1,93688
2,453167
3,318276
4,98337
5,29059
6,6546
7,809
8,114
9,3
10,1
0,0
1,93907
2,453269
3,318075
4,98586
5,28814
6,6442
7,790
8,109
9,7
10,1
0,0
1,93867
2,452694
3,318409
4,98651
5,28985
6,6485
7,806
8,101
9,2
0,0
1,93934
2,453782
3,317501
4,98578
5,28875
6,6422
7,790
8,116
9,2
0,0
1,93803
2,453126
3,317934
4,98583
5,28913
6,6676
7,855
8,97
9,13
0,0
1,94158
2,453667
3,317696
4,98145
5,28787
6,6586
7,840
8,116
9,5
0,0
1,93490
2,453753
3,318059
4,98279
5,29071
6,6461
7,764
8,119
9,4
0,0
1,94331
2,452570
3,317956
4,98701
5,28974
6,6560
7,798
8,105
9,5
0,0
1,94029
2,452900
3,317766
4,99029
5,28807
6,6539
7,799
8,126
9,4
10,1
0,0
1,93838
2,452224
3,318409
4,99134
5,28982
6,6462
7,831
8,112
9,8
0,0
1,94135
2,453090
3,317696
4,98521
5,29052
6,6616
7,779
8,106
9,5
0,0
1,94344
2,452790
3,318163
4,98310
5,29070
6,6437
7,788
8,95
9,3
0,0
1,93608
2,453793
3,317690
4,98627
5,28869
6,6441
7,853
8,113
9,6
0,0
1,93540
2,453042
3,318507
4,98414
5,29104
6,6492
7,796
8,100
9,4
10,1
0,0
1,93957
2,452936
3,318733
4,98385
5,28739
6,6342
7,794
8,112
9,2
0,0
1,93853
2,453549
3,318350
4,98018
5,28958
6,6338
7,817
8,110
9,7
0,0
1,93886
2,452166
3,319002
4,98439
5,29096
6,6464
7,826
8,118
9,3
0,0
1,93564
2,452992
3,318379
4,98417
5,29168
6,6538
7,820
8,116
9,6
0,0
1,93884
2,453425
3,317558
4,98715
5,29055
6,6420
7,816
8,118
9,9
0,0
1,93548
2,453104
3,318633
4,98856
5,28715
6,6234
7,792
8,112
9,5
10,1
0,0
1,93922
2,452267
3,318440
4,99056
5,28814
6,6587
7,810
8,97
9,7
0,0
1,93677
2,453915
3,317309
4,98527
5,29249
6,6446
7,751
8,118
9,7
10,1
0,0
1,93367
2,453266
3,318605
4,98216
5,29111
6,6547
7,791
8,89
9,7
10,1
0,0
1,93963
2,453375
3,317637
4,98325
5,29171
6,6594
7,800
8,129
9,5
10,1
0,0
1,93922
2,452179
3,317962
4,99360
5,29028
6,6634
7,812
8,95
9,8
0,0
1,94234
2,452805
3,318074
4,98552
5,28831
6,6560
7,819
8,111
9,10
10,4
0,0
1,94059
2,453101
3,317743
4,98620
5,28883
6,6644
7,817
8,126
9,7
0,0
1,93912
2,453951
3,317849
4,98168
5,28674
6,6518
7,810
8,114
9,4
0,0
1,94002
2,453473
3,317772
4,98308
5,29209
6,6318
7,801
8,113
9,4
0,0
1,94139
2,452906
3,317483
4,99180
5,28836
6,6536
7,801
8,113
9,6
0,0
1,94043
2,452572
3,317996
4,98754
5,29105
6,6562
7,833
8,129
9,5
10,1
0,0
1,94192
2,452136
3,319093
4,98123
5,28927
6,6598
7,815
8,110
9,6
0,0
1,93910
2,453452
3,317100
4,98947
5,29122
6,6566
7,781
8,114
9,7
10,1
