0,0
1,0
2,0
3,0
4,0
5,0
6,0
7,0
8,0
9,0
10,0
11,0
12,0
13,0
14,0
15,0
16,0
17,0
18,0
19,0
20,0
21,0
22,0
23,0
24,1
25,1
26,1
27,2
28,1
29,2
30,12
31,6
32,16
33,19
34,28
35,25
36,42
37,47
38,56
39,57
40,58
41,82
42,112
43,129
44,136
45,154
46,181
47,184
48,194
49,232
50,261
51,274
52,246
53,292
54,299
55,376
56,360
57,398
58,400
59,421
60,451
61,466
62,447
63,487
64,544
65,526
66,535
67,523
68,578
69,561
70,577
71,652
72,673
73,635
74,637
75,661
76,721
77,640
78,688
79,692
80,674
81,654
82,696
83,771
84,733
85,725
86,698
87,771
88,722
89,767
90,743
91,781
92,742
93,787
94,759
95,734
96,753
97,788
98,776
99,750
100,767
101,749
102,780
103,752
104,697
105,747
106,671
107,740
108,685
109,726
110,775
111,691
112,690
113,712
114,668
115,687
116,688
117,704
118,686
119,703
120,631
121,635
122,647
123,652
124,658
125,668
126,646
127,645
128,644
129,642
130,630
131,601
132,609
133,615
134,601
135,649
136,560
137,560
138,542
139,546
140,514
141,542
142,564
143,519
144,541
145,567
146,516
147,526
148,494
149,480
150,512
151,467
152,481
153,456
154,487
155,465
156,491
157,440
158,435
159,460
160,418
161,438
162,444
163,427
164,448
165,432
166,409
167,398
168,436
169,383
170,387
171,412
172,383
173,370
174,365
175,382
176,362
177,384
178,345
179,365
180,346
181,315
182,326
183,339
184,314
185,346
186,370
187,347
188,322
189,314
190,316
191,308
192,323
193,303
194,281
195,274
196,320
197,293
198,281
199,254
200,288
201,260
202,292
203,239
204,252
205,254
206,268
207,235
208,245
209,239
210,234
211,219
212,251
213,216
214,222
215,221
216,241
217,189
218,218
219,201
220,201
221,210
222,195
223,201
224,192
225,204
226,190
227,193
228,162
229,189
230,194
231,174
232,164
233,165
234,162
235,152
236,160
237,151
238,130
239,159
240,148
241,125
242,154
243,152
244,132
245,134
246,145
247,133
248,142
249,139
250,139
251,131
252,124
253,139
254,115
255,109
256,135
257,113
258,102
259,120
260,116
261,116
262,90
263,116
264,96
265,124
266,94
267,111
268,83
269,88
270,83
271,85
272,83
273,98
274,79
275,83
276,91
277,88
278,84
279,90
280,84
281,65
282,59
283,79
284,76
285,85
286,71
287,77
288,84
289,71
290,61
291,69
292,66
293,61
294,61
295,63
296,67
297,52
298,55
299,52
300,60
301,52
302,52
303,50
304,58
305,48
306,59
307,50
308,59
309,56
310,54
311,40
312,52
313,51
314,48
315,43
316,39
317,30
318,47
319,39
320,44
321,46
322,39
323,42
324,46
325,36
326,43
327,38
328,35
329,30
330,33
331,37
332,41
333,38
334,30
335,17
336,33
337,38
338,30
339,30
340,31
341,37
342,29
343,30
344,20
345,24
346,32
347,21
348,28
349,24
350,26
351,22
352,32
353,26
354,19
355,20
356,21
357,23
358,18
359,22
360,22
361,20
362,20
363,29
364,14
365,21
366,20
367,19
368,20
369,12
370,19
371,15
372,17
373,15
374,19
375,17
376,14
377,10
378,11
379,11
380,16
381,6
382,12
383,14
384,10
385,14
386,9
387,12
388,12
389,12
390,17
391,13
392,13
393,7
394,8
395,8
396,12
397,8
398,15
399,8
400,13
401,10
402,10
403,9
404,11
405,9
406,8
407,6
408,10
409,9
410,8
411,13
412,6
413,2
414,4
415,10
416,10
417,11
418,6
419,5
420,7
421,5
422,6
423,6
424,5
425,7
426,7
427,5
428,3
429,3
430,4
431,5
432,7
433,2
434,4
435,7
436,4
437,3
438,3
439,3
440,5
441,7
442,1
443,3
444,3
445,2
446,4
447,2
448,6
449,2
450,3
451,2
452,4
453,6
454,3
455,0
456,4
457,5
458,1
459,3
460,2
461,2
462,2
463,2
464,3
465,3
466,1
467,3
468,2
469,0
470,3
471,1
472,1
473,0
474,1
475,4
476,2
477,1
478,4
479,2
480,0
481,2
482,1
483,2
484,1
485,1
486,3
487,2
488,2
489,1
490,1
491,0
492,0
493,1
494,0
495,1
496,0
497,0
498,2
499,0
500,1
501,0
502,1
503,0
504,0
505,4
506,0
507,0
508,4
509,0
510,1
511,1
512,1
513,1
514,0
515,0
516,0
517,1
518,1
519,0
520,2
521,0
522,0
523,1
524,2
525,1
526,3
527,1
528,0
529,0
530,0
531,0
532,1
533,0
534,0
535,0
536,1
537,0
538,2
539,0
540,0
541,0
542,0
543,0
544,0
545,1
546,0
547,1
548,0
549,1
550,0
551,0
552,0
553,0
554,0
555,0
556,0
557,0
558,0
559,0
560,0
561,1
562,1
563,0
564,0
565,0
566,0
567,0
568,0
569,0
570,0
571,0
572,0
573,2
574,1
575,0
576,0
577,0
578,0
579,1
580,0
581,0
582,0
583,1
584,0
585,0
586,0
587,0
588,0
589,0
590,0
591,0
592,0
593,0
594,0
595,0
596,0
597,0
598,0
599,0
600,1
601,0
602,0
603,0
604,0
605,0
606,0
607,0
608,0
609,0
610,0
611,0
612,0
613,0
614,0
615,0
616,0
617,0
618,0
619,0
620,0
621,0
622,0
623,0
624,0
625,0
626,0
627,0
628,0
629,0
630,0
631,0
632,0
633,0
634,0
635,0
636,0
637,0
638,0
639,0
640,0
641,1
