0,0
1,0
2,0
3,0
4,0
5,0
6,1
7,20
8,126
9,467
10,1226
11,2600
12,4459
13,6731
14,9484
15,12419
16,15394
17,18145
18,21003
19,23083
20,24751
21,26546
22,27520
23,28574
24,29535
25,29406
26,29634
27,29419
28,29029
29,28572
30,27744
31,27328
32,26213
33,25870
34,25042
35,24159
36,23399
37,22352
38,21598
39,20475
40,19253
41,18866
42,17840
43,17153
44,16221
45,15458
46,14787
47,14115
48,13444
49,12725
50,11764
51,11297
52,10826
53,10244
54,9859
55,9001
56,8780
57,8085
58,7671
59,7367
60,6829
61,6417
62,6054
63,5633
64,5310
65,5024
66,4819
67,4517
68,4126
69,3966
70,3646
71,3482
72,3069
73,2969
74,2764
75,2597
76,2431
77,2273
78,2079
79,1934
80,1854
81,1761
82,1515
83,1377
84,1341
85,1332
86,1184
87,1113
88,976
89,935
90,808
91,734
92,706
93,675
94,589
95,564
96,545
97,476
98,409
99,381
100,343
101,332
102,303
103,269
104,236
105,216
106,190
107,202
108,158
109,121
110,155
111,137
112,102
113,87
114,88
115,92
116,63
117,65
118,56
119,42
120,56
121,51
122,35
123,39
124,31
125,30
126,25
127,24
128,23
129,17
130,12
131,12
132,15
133,7
134,6
135,9
136,7
137,4
138,6
139,7
140,4
141,5
142,2
143,6
144,2
145,0
146,0
147,0
148,3
149,1
150,0
151,1
152,2
153,2
154,1
155,3
156,1
