0, 0
1, 0
2, 0
3, 0
4, 0
5, 0
6, 0
7, 0
8, 0
9, 0
10, 0
11, 0
12, 0
13, 0
14, 0
15, 0
16, 0
17, 0
18, 0
19, 0
20, 0
21, 0
22, 0
23, 0
24, 0
25, 0
26, 0
27, 0
28, 0
29, 0
30, 0
31, 0
32, 0
33, 0
34, 0
35, 0
36, 0
37, 0
38, 0
39, 0
40, 0
41, 0
42, 0
43, 0
44, 0
45, 0
46, 0
47, 0
48, 0
49, 0
50, 0
51, 0
52, 0
53, 0
54, 0
55, 0
56, 0
57, 0
58, 0
59, 0
60, 0
61, 0
62, 0
63, 0
64, 0
65, 0
66, 0
67, 0
68, 0
69, 0
70, 0
71, 0
72, 0
73, 0
74, 0
75, 0
76, 0
77, 0
78, 0
79, 0
80, 0
81, 0
82, 0
83, 0
84, 0
85, 0
86, 0
87, 0
88, 0
89, 0
90, 0
91, 0
92, 0
93, 0
94, 0
95, 0
96, 0
97, 0
98, 0
99, 0
100, 0
101, 0
102, 0
103, 0
104, 0
105, 0
106, 0
107, 0
108, 0
109, 0
110, 0
111, 0
112, 0
113, 0
114, 0
115, 0
116, 0
117, 0
118, 0
119, 0
120, 0
121, 0
122, 0
123, 0
124, 0
125, 0
126, 0
127, 0
128, 0
129, 0
130, 0
131, 0
132, 0
133, 0
134, 0
135, 0
136, 0
137, 0
138, 0
139, 0
140, 0
141, 0
142, 0
143, 0
144, 0
145, 0
146, 0
147, 0
148, 0
149, 0
150, 0
151, 0
152, 0
153, 0
154, 0
155, 0
156, 0
157, 0
158, 0
159, 0
160, 0
161, 0
162, 0
163, 0
164, 0
165, 0
166, 0
167, 0
168, 0
169, 0
170, 0
171, 0
172, 0
173, 0
174, 0
175, 0
176, 0
177, 0
178, 0
179, 0
180, 0
181, 0
182, 0
183, 0
184, 0
185, 0
186, 0
187, 0
188, 0
189, 0
190, 0
191, 0
192, 0
193, 0
194, 0
195, 0
196, 0
197, 0
198, 0
199, 0
200, 0
201, 0
202, 0
203, 0
204, 0
205, 0
206, 0
207, 0
208, 0
209, 0
210, 0
211, 0
212, 0
213, 1
214, 0
215, 2
216, 3
217, 1
218, 1
219, 3
220, 2
221, 3
222, 4
223, 5
224, 5
225, 4
226, 8
227, 7
228, 9
229, 8
230, 12
231, 10
232, 7
233, 18
234, 16
235, 18
236, 21
237, 26
238, 26
239, 37
240, 33
241, 41
242, 34
243, 44
244, 51
245, 61
246, 77
247, 68
248, 79
249, 96
250, 95
251, 103
252, 126
253, 146
254, 148
255, 170
256, 174
257, 215
258, 205
259, 247
260, 248
261, 267
262, 281
263, 319
264, 354
265, 349
266, 395
267, 449
268, 509
269, 551
270, 530
271, 624
272, 612
273, 706
274, 744
275, 835
276, 876
277, 936
278, 975
279, 1080
280, 1137
281, 1155
282, 1292
283, 1375
284, 1422
285, 1516
286, 1555
287, 1698
288, 1768
289, 1931
290, 1987
291, 2146
292, 2321
293, 2338
294, 2517
295, 2635
296, 2797
297, 2942
298, 3084
299, 3306
300, 3320
301, 3495
302, 3670
303, 3841
304, 3894
305, 4277
306, 4373
307, 4647
308, 4794
309, 5067
310, 5303
311, 5309
312, 5657
313, 5912
314, 6107
315, 6192
316, 6668
317, 6820
318, 7107
319, 7398
320, 7665
321, 7905
322, 8239
323, 8476
324, 8528
325, 9206
326, 9346
327, 9661
328, 9998
329, 10194
330, 10558
331, 11003
332, 11204
333, 11526
334, 11932
335, 12213
336, 12664
337, 12931
338, 13300
339, 13519
340, 14038
341, 14455
342, 14718
343, 14793
344, 15308
345, 16048
346, 15766
347, 16195
348, 16764
349, 17336
350, 17627
351, 18045
352, 18364
353, 19001
354, 19186
355, 19575
356, 19583
357, 20326
358, 20734
359, 20788
360, 21803
361, 21893
362, 22052
363, 22611
364, 22876
365, 23498
366, 23531
367, 23991
368, 24722
369, 24860
370, 25025
371, 25664
372, 25731
373, 26124
374, 26589
375, 26855
376, 27258
377, 27684
378, 28323
379, 28296
380, 28683
381, 29330
382, 29377
383, 30034
384, 30262
385, 30554
386, 30876
387, 31389
388, 31491
389, 32003
390, 32052
391, 32534
392, 33013
393, 32944
394, 33354
395, 33071
396, 33927
397, 34369
398, 34254
399, 34278
400, 34956
401, 35131
402, 35340
403, 35600
404, 36289
405, 36302
406, 36708
407, 36694
408, 37086
409, 37017
410, 37683
411, 37534
412, 37812
413, 37958
414, 37929
415, 38133
416, 38775
417, 38635
418, 38631
419, 38830
420, 38928
421, 39405
422, 39621
423, 39596
424, 39642
425, 39646
426, 39985
427, 40085
428, 40063
429, 40481
430, 40964
431, 40003
432, 40078
433, 40377
434, 40371
435, 40364
436, 40817
437, 40248
438, 40978
439, 41178
440, 40805
441, 40971
442, 40549
443, 40620
444, 40877
445, 40979
446, 41182
447, 41008
448, 40914
449, 40711
450, 40811
451, 40778
452, 40886
453, 40692
454, 40198
455, 40410
456, 40269
457, 40670
458, 40528
459, 40623
460, 40470
461, 40607
462, 40014
463, 40382
464, 39995
465, 40446
466, 40167
467, 39881
468, 39880
469, 39921
470, 39609
471, 39377
472, 39623
473, 39224
474, 39494
475, 38944
476, 38788
477, 38639
478, 38637
479, 38429
480, 38494
481, 38462
482, 38228
483, 37826
484, 37448
485, 37814
486, 37781
487, 37486
488, 37234
489, 37331
490, 36964
491, 36670
492, 36883
493, 36564
494, 36461
495, 36242
496, 36253
497, 35663
498, 35755
499, 35418
500, 35314
501, 34994
502, 35260
503, 35118
504, 34486
505, 34560
506, 34138
507, 33821
508, 33834
509, 34171
510, 33345
511, 33335
512, 32990
513, 33252
514, 32888
515, 32641
516, 32458
517, 32426
518, 31957
519, 31893
520, 31666
521, 31600
522, 31420
523, 31042
524, 30748
525, 30756
526, 30291
527, 30303
528, 29909
529, 29848
530, 29866
531, 29406
532, 29391
533, 28938
534, 29014
535, 28742
536, 28447
537, 28304
538, 27921
539, 27888
540, 27648
541, 27531
542, 27332
543, 26897
544, 26968
545, 26665
546, 26349
547, 26420
548, 26309
549, 25870
550, 25678
551, 25540
552, 25199
553, 25265
554, 25190
555, 24536
556, 24582
557, 24471
558, 24397
559, 23898
560, 23565
561, 23517
562, 23611
563, 23309
564, 22973
565, 22716
566, 22731
567, 22455
568, 22218
569, 22404
570, 21720
571, 22026
572, 21882
573, 21480
574, 21619
575, 21012
576, 20775
577, 20966
578, 20523
579, 20326
580, 20016
581, 19885
582, 19832
583, 19487
584, 19497
585, 19414
586, 19329
587, 19015
588, 18948
589, 18706
590, 18554
591, 18434
592, 18326
593, 18109
594, 17935
595, 17809
596, 17596
597, 17400
598, 17200
599, 17097
600, 16848
601, 16767
602, 16481
603, 16541
604, 16273
605, 16248
606, 16186
607, 16066
608, 15708
609, 15786
610, 15416
611, 15167
612, 15044
613, 15038
614, 14840
615, 14877
616, 14778
617, 14309
618, 14272
619, 14247
620, 14069
621, 14023
622, 13745
623, 13672
624, 13236
625, 13662
626, 13369
627, 13194
628, 12922
629, 12856
630, 12804
631, 12690
632, 12418
633, 12478
634, 12251
635, 12091
636, 12058
637, 11975
638, 11776
639, 11723
640, 11707
641, 11442
642, 11225
643, 11267
644, 11098
645, 11272
646, 10720
647, 10846
648, 10555
649, 10769
650, 10353
651, 10442
652, 10275
653, 10266
654, 10044
655, 9924
656, 9781
657, 9577
658, 9608
659, 9748
660, 9592
661, 9228
662, 9173
663, 9250
664, 8920
665, 9086
666, 8911
667, 8814
668, 8666
669, 8603
670, 8558
671, 8477
672, 8506
673, 8309
674, 8250
675, 7974
676, 8003
677, 7747
678, 7867
679, 7794
680, 7623
681, 7564
682, 7689
683, 7667
684, 7288
685, 7278
686, 7338
687, 7059
688, 7108
689, 6938
690, 6787
691, 6957
692, 6802
693, 6878
694, 6633
695, 6518
696, 6593
697, 6418
698, 6225
699, 6274
700, 6164
701, 6079
702, 6164
703, 6023
704, 5987
705, 6044
706, 5845
707, 5857
708, 5678
709, 5633
710, 5554
711, 5533
712, 5455
713, 5546
714, 5425
715, 5226
716, 5330
717, 5205
718, 5142
719, 5206
720, 5108
721, 4937
722, 4968
723, 4793
724, 4906
725, 4694
726, 4718
727, 4636
728, 4575
729, 4537
730, 4506
731, 4521
732, 4378
733, 4375
734, 4410
735, 4288
736, 4295
737, 4178
738, 4019
739, 4083
740, 4082
741, 4066
742, 3897
743, 3851
744, 3798
745, 3756
746, 3740
747, 3809
748, 3659
749, 3657
750, 3755
751, 3636
752, 3573
753, 3500
754, 3483
755, 3391
756, 3431
757, 3328
758, 3289
759, 3319
760, 3281
761, 3198
762, 3192
763, 3208
764, 3080
765, 3076
766, 3077
767, 2877
768, 2984
769, 2986
770, 2922
771, 2800
772, 2807
773, 2801
774, 2900
775, 2746
776, 2701
777, 2702
778, 2668
779, 2566
780, 2651
781, 2638
782, 2580
783, 2538
784, 2334
785, 2503
786, 2358
787, 2486
788, 2396
789, 2313
790, 2281
791, 2300
792, 2368
793, 2281
794, 2223
795, 2253
796, 2210
797, 2147
798, 2096
799, 2066
800, 2064
801, 2068
802, 2002
803, 1987
804, 1970
805, 1950
806, 1945
807, 1945
808, 1923
809, 1880
810, 1868
811, 1873
812, 1857
813, 1716
814, 1832
815, 1765
816, 1748
817, 1726
818, 1744
819, 1676
820, 1662
821, 1712
822, 1583
823, 1603
824, 1554
825, 1542
826, 1534
827, 1540
828, 1463
829, 1510
830, 1496
831, 1479
832, 1420
833, 1457
834, 1415
835, 1490
836, 1395
837, 1360
838, 1269
839, 1352
840, 1294
841, 1288
842, 1297
843, 1214
844, 1304
845, 1181
846, 1231
847, 1185
848, 1195
849, 1201
850, 1155
851, 1134
852, 1114
853, 1099
854, 1161
855, 1172
856, 1072
857, 1121
858, 1063
859, 1091
860, 1070
861, 1067
862, 1033
863, 1055
864, 995
865, 957
866, 1037
867, 985
868, 919
869, 938
870, 959
871, 885
872, 901
873, 893
874, 891
875, 923
876, 855
877, 876
878, 824
879, 874
880, 829
881, 806
882, 773
883, 796
884, 825
885, 737
886, 769
887, 761
888, 714
889, 729
890, 715
891, 739
892, 720
893, 701
894, 749
895, 671
896, 677
897, 645
898, 650
899, 682
900, 678
901, 657
902, 630
903, 597
904, 642
905, 572
906, 604
907, 593
908, 601
909, 611
910, 550
911, 539
912, 591
913, 533
914, 557
915, 561
916, 515
917, 520
918, 541
919, 495
920, 483
921, 515
922, 455
923, 462
924, 459
925, 498
926, 455
927, 456
928, 493
929, 431
930, 469
931, 441
932, 447
933, 439
934, 429
935, 439
936, 438
937, 459
938, 420
939, 443
940, 426
941, 434
942, 405
943, 409
944, 379
945, 407
946, 379
947, 395
948, 407
949, 346
950, 374
951, 331
952, 373
953, 352
954, 357
955, 335
956, 327
957, 309
958, 318
959, 319
960, 334
961, 313
962, 309
963, 326
964, 322
965, 292
966, 295
967, 282
968, 270
969, 296
970, 286
971, 287
972, 276
973, 260
974, 255
975, 246
976, 252
977, 275
978, 255
979, 273
980, 219
981, 230
982, 255
983, 256
984, 254
985, 261
986, 229
987, 259
988, 231
989, 233
990, 240
991, 244
992, 225
993, 197
994, 205
995, 228
996, 203
997, 221
998, 210
999, 184
1000, 194
1001, 172
1002, 196
1003, 177
1004, 166
1005, 188
1006, 195
1007, 169
1008, 192
1009, 182
1010, 176
1011, 176
1012, 184
1013, 191
1014, 159
1015, 163
1016, 150
1017, 160
1018, 181
1019, 157
1020, 167
1021, 176
1022, 148
1023, 160
1024, 133
1025, 137
1026, 160
1027, 135
1028, 123
1029, 144
1030, 115
1031, 149
1032, 125
1033, 123
1034, 120
1035, 135
1036, 112
1037, 127
1038, 120
1039, 116
1040, 113
1041, 116
1042, 118
1043, 127
1044, 122
1045, 107
1046, 127
1047, 124
1048, 96
1049, 98
1050, 107
1051, 97
1052, 119
1053, 116
1054, 99
1055, 103
1056, 99
1057, 101
1058, 87
1059, 105
1060, 108
1061, 101
1062, 100
1063, 89
1064, 79
1065, 96
1066, 98
1067, 91
1068, 97
1069, 72
1070, 84
1071, 90
1072, 88
1073, 78
1074, 82
1075, 71
1076, 85
1077, 90
1078, 60
1079, 75
1080, 76
1081, 68
1082, 75
1083, 64
1084, 64
1085, 58
1086, 89
1087, 59
1088, 62
1089, 51
1090, 67
1091, 64
1092, 59
1093, 70
1094, 50
1095, 64
1096, 63
1097, 57
1098, 48
1099, 63
1100, 64
1101, 69
1102, 68
1103, 47
1104, 55
1105, 50
1106, 62
1107, 49
1108, 50
1109, 44
1110, 65
1111, 59
1112, 65
1113, 46
1114, 39
1115, 46
1116, 37
1117, 40
1118, 37
1119, 51
1120, 48
1121, 32
1122, 53
1123, 39
1124, 36
1125, 50
1126, 50
1127, 45
1128, 36
1129, 33
1130, 44
1131, 36
1132, 29
1133, 32
1134, 45
1135, 39
1136, 40
1137, 41
1138, 29
1139, 27
1140, 29
1141, 40
1142, 17
1143, 45
1144, 35
1145, 27
1146, 35
1147, 29
1148, 34
1149, 33
1150, 28
1151, 29
1152, 31
1153, 31
1154, 34
1155, 28
1156, 21
1157, 38
1158, 23
1159, 26
1160, 26
1161, 32
1162, 35
1163, 29
1164, 27
1165, 24
1166, 27
1167, 18
1168, 30
1169, 14
1170, 26
1171, 15
1172, 25
1173, 26
1174, 25
1175, 20
1176, 23
1177, 21
1178, 19
1179, 25
1180, 24
1181, 20
1182, 16
1183, 22
1184, 22
1185, 14
1186, 25
1187, 18
1188, 13
1189, 16
1190, 27
1191, 18
1192, 18
1193, 30
1194, 15
1195, 13
1196, 15
1197, 23
1198, 18
1199, 19
1200, 17
1201, 16
1202, 19
1203, 21
1204, 12
1205, 13
1206, 13
1207, 18
1208, 12
1209, 13
1210, 16
1211, 12
1212, 14
1213, 14
1214, 13
1215, 13
1216, 19
1217, 10
1218, 11
1219, 10
1220, 14
1221, 16
1222, 16
1223, 12
1224, 15
1225, 20
1226, 14
1227, 14
1228, 12
1229, 13
1230, 11
1231, 10
1232, 10
1233, 10
1234, 12
1235, 16
1236, 8
1237, 9
1238, 7
1239, 6
1240, 6
1241, 6
1242, 13
1243, 9
1244, 7
1245, 8
1246, 10
1247, 11
1248, 10
1249, 6
1250, 16
1251, 13
1252, 7
1253, 7
1254, 11
1255, 4
1256, 10
1257, 4
1258, 14
1259, 9
1260, 9
1261, 9
1262, 7
1263, 11
1264, 7
1265, 7
1266, 5
1267, 7
1268, 11
1269, 7
1270, 4
1271, 8
1272, 13
1273, 3
1274, 7
1275, 10
1276, 6
1277, 5
1278, 3
1279, 2
1280, 3
1281, 5
1282, 6
1283, 4
1284, 4
1285, 6
1286, 6
1287, 4
1288, 3
1289, 3
1290, 6
1291, 7
1292, 5
1293, 4
1294, 4
1295, 8
1296, 8
1297, 4
1298, 1
1299, 4
1300, 4
1301, 6
1302, 2
1303, 4
1304, 3
1305, 6
1306, 4
1307, 6
1308, 1
1309, 7
1310, 5
1311, 7
1312, 5
1313, 3
1314, 5
1315, 1
1316, 6
1317, 2
1318, 7
1319, 2
1320, 3
1321, 6
1322, 2
1323, 4
1324, 4
1325, 1
1326, 0
1327, 1
1328, 1
1329, 1
1330, 1
1331, 3
1332, 4
1333, 7
1334, 2
1335, 0
1336, 3
1337, 5
1338, 5
1339, 1
1340, 6
1341, 0
1342, 2
1343, 4
1344, 2
1345, 5
1346, 1
1347, 0
1348, 0
1349, 2
1350, 2
1351, 2
1352, 7
1353, 2
1354, 2
1355, 0
1356, 4
1357, 1
1358, 1
1359, 2
1360, 5
1361, 2
1362, 3
1363, 4
1364, 2
1365, 0
1366, 5
1367, 1
1368, 1
1369, 0
1370, 2
1371, 1
1372, 3
1373, 0
1374, 1
1375, 1
1376, 2
1377, 1
1378, 2
1379, 1
1380, 2
1381, 1
1382, 1
1383, 2
1384, 1
1385, 0
1386, 2
1387, 1
1388, 2
1389, 1
1390, 1
1391, 0
1392, 2
1393, 1
1394, 1
1395, 3
1396, 2
1397, 3
1398, 0
1399, 1
1400, 0
1401, 1
1402, 3
1403, 0
1404, 0
1405, 0
1406, 1
1407, 1
1408, 0
1409, 5
1410, 4
1411, 1
1412, 2
1413, 1
1414, 0
1415, 0
1416, 1
1417, 0
1418, 0
1419, 2
1420, 1
1421, 2
1422, 0
1423, 1
1424, 1
1425, 0
1426, 2
1427, 0
1428, 2
1429, 0
1430, 0
1431, 0
1432, 1
1433, 4
1434, 0
1435, 0
1436, 1
1437, 1
1438, 0
1439, 1
1440, 0
1441, 0
1442, 0
1443, 0
1444, 0
1445, 0
1446, 0
1447, 0
1448, 1
1449, 0
1450, 0
1451, 0
1452, 0
1453, 3
1454, 2
1455, 1
1456, 0
1457, 0
1458, 1
1459, 1
1460, 0
1461, 0
1462, 0
1463, 0
1464, 0
1465, 0
1466, 0
1467, 0
1468, 0
1469, 1
1470, 0
1471, 1
1472, 1
1473, 0
1474, 0
1475, 1
1476, 0
1477, 1
1478, 0
1479, 0
1480, 0
1481, 0
1482, 0
1483, 1
1484, 0
1485, 0
1486, 1
1487, 1
1488, 1
1489, 0
1490, 0
1491, 0
1492, 1
1493, 0
1494, 0
1495, 2
1496, 0
1497, 1
1498, 0
1499, 1
1500, 0
1501, 0
1502, 0
1503, 0
1504, 0
1505, 0
1506, 0
1507, 0
1508, 0
1509, 0
1510, 2
1511, 0
1512, 1
1513, 3
1514, 1
1515, 0
1516, 0
1517, 1
1518, 0
1519, 0
1520, 0
1521, 0
1522, 0
1523, 0
1524, 1
1525, 0
1526, 0
1527, 0
1528, 0
1529, 0
1530, 0
1531, 0
1532, 0
1533, 0
1534, 0
1535, 0
1536, 0
1537, 1
1538, 0
1539, 0
1540, 1
1541, 0
1542, 0
1543, 0
1544, 0
1545, 0
1546, 0
1547, 0
1548, 0
1549, 0
1550, 0
1551, 0
1552, 0
1553, 0
1554, 0
1555, 0
1556, 0
1557, 0
1558, 0
1559, 0
1560, 1
1561, 0
1562, 0
1563, 0
1564, 0
1565, 0
1566, 0
1567, 0
1568, 0
1569, 1
1570, 0
1571, 0
1572, 1
1573, 0
1574, 0
1575, 0
1576, 1
1577, 0
1578, 0
1579, 0
1580, 1
1581, 0
1582, 0
1583, 0
1584, 1
1585, 0
1586, 1
1587, 0
1588, 0
1589, 0
1590, 0
1591, 0
1592, 0
1593, 0
1594, 0
1595, 0
1596, 0
1597, 0
1598, 0
1599, 1
1600, 0
1601, 0
1602, 0
1603, 0
1604, 0
1605, 0
1606, 0
1607, 0
1608, 0
1609, 0
1610, 0
1611, 0
1612, 0
1613, 0
1614, 0
1615, 0
1616, 0
1617, 0
1618, 0
1619, 0
1620, 0
1621, 0
1622, 0
1623, 0
1624, 0
1625, 0
1626, 0
1627, 1
1628, 0
1629, 0
1630, 0
1631, 0
1632, 0
1633, 0
1634, 0
1635, 0
1636, 0
1637, 0
1638, 0
1639, 0
1640, 0
1641, 0
1642, 0
1643, 0
1644, 0
1645, 0
1646, 0
1647, 0
1648, 0
1649, 0
1650, 0
1651, 0
1652, 0
1653, 0
1654, 0
1655, 0
1656, 0
1657, 0
1658, 0
1659, 0
1660, 0
1661, 0
1662, 0
1663, 0
1664, 0
1665, 0
1666, 0
1667, 0
1668, 0
1669, 0
1670, 0
1671, 0
1672, 0
1673, 0
1674, 0
1675, 0
1676, 0
1677, 0
1678, 0
1679, 0
1680, 0
1681, 0
1682, 0
1683, 0
1684, 0
1685, 0
1686, 0
1687, 0
1688, 0
1689, 0
1690, 0
1691, 0
1692, 0
1693, 0
1694, 0
1695, 0
1696, 0
1697, 0
1698, 0
1699, 0
1700, 0
1701, 0
1702, 0
1703, 0
1704, 0
1705, 0
1706, 0
1707, 0
1708, 0
1709, 0
1710, 0
1711, 0
1712, 0
1713, 0
1714, 0
1715, 0
1716, 0
1717, 0
1718, 1
1719, 0
1720, 0
1721, 0
1722, 0
1723, 0
1724, 0
1725, 0
1726, 0
1727, 0
1728, 0
1729, 0
1730, 0
1731, 0
1732, 0
1733, 0
1734, 0
1735, 0
1736, 0
1737, 0
1738, 0
1739, 0
1740, 0
1741, 0
1742, 0
1743, 0
1744, 0
1745, 0
1746, 0
1747, 0
1748, 0
1749, 0
1750, 0
1751, 0
1752, 0
1753, 0
1754, 0
1755, 0
1756, 0
1757, 0
1758, 0
1759, 0
1760, 0
1761, 0
1762, 0
1763, 0
1764, 0
1765, 0
1766, 0
1767, 0
1768, 0
1769, 0
1770, 0
1771, 0
1772, 0
1773, 0
1774, 0
1775, 0
1776, 0
1777, 0
1778, 0
1779, 0
1780, 0
1781, 0
1782, 0
1783, 0
1784, 0
1785, 0
1786, 0
1787, 0
1788, 0
1789, 0
1790, 0
1791, 0
1792, 0
1793, 0
1794, 0
1795, 0
1796, 0
1797, 0
1798, 0
1799, 0
1800, 0
1801, 0
1802, 0
1803, 0
1804, 0
1805, 0
1806, 0
1807, 0
1808, 0
1809, 0
1810, 0
1811, 0
1812, 0
1813, 0
1814, 0
1815, 0
1816, 0
1817, 0
1818, 0
1819, 0
1820, 0
1821, 0
1822, 0
1823, 0
1824, 0
1825, 0
1826, 0
1827, 0
1828, 0
1829, 0
1830, 0
1831, 0
1832, 0
1833, 0
1834, 0
1835, 0
1836, 0
1837, 0
1838, 0
1839, 0
1840, 0
1841, 1
1842, 0
1843, 0
1844, 0
1845, 0
1846, 0
1847, 0
1848, 0
1849, 0
1850, 0
1851, 0
1852, 0
1853, 0
1854, 0
1855, 0
1856, 0
1857, 0
1858, 0
1859, 0
1860, 0
1861, 0
1862, 0
1863, 0
1864, 0
1865, 0
1866, 0
1867, 0
1868, 0
1869, 0
1870, 0
1871, 0
1872, 0
1873, 0
1874, 0
1875, 1
