0, 0
1, 0
2, 0
3, 0
4, 0
5, 0
6, 0
7, 0
8, 0
9, 0
10, 1
11, 2
12, 15
13, 32
14, 64
15, 155
16, 292
17, 496
18, 827
19, 1254
20, 1864
21, 2608
22, 3485
23, 4571
24, 5790
25, 7182
26, 8710
27, 10552
28, 12251
29, 14137
30, 16497
31, 18529
32, 21076
33, 23025
34, 25756
35, 27725
36, 30175
37, 32297
38, 34617
39, 37076
40, 39282
41, 41591
42, 43401
43, 45789
44, 48018
45, 49595
46, 51105
47, 53349
48, 54950
49, 56698
50, 58020
51, 59612
52, 61275
53, 62401
54, 63087
55, 64381
56, 65203
57, 66139
58, 67910
59, 68487
60, 68764
61, 69731
62, 69862
63, 70924
64, 71175
65, 71741
66, 72012
67, 72046
68, 73114
69, 73303
70, 73455
71, 73317
72, 73609
73, 72825
74, 72954
75, 73441
76, 73176
77, 72836
78, 72941
79, 72141
80, 72331
81, 72106
82, 71727
83, 72168
84, 71384
85, 70275
86, 70580
87, 70426
88, 69779
89, 69093
90, 69068
91, 68593
92, 67999
93, 67117
94, 67091
95, 67013
96, 66634
97, 65338
98, 65214
99, 64892
100, 63958
101, 63459
102, 63084
103, 62315
104, 61839
105, 61439
106, 61136
107, 59861
108, 59573
109, 59205
110, 58423
111, 57754
112, 57779
113, 56876
114, 56326
115, 55570
116, 55422
117, 54460
118, 54022
119, 53465
120, 53036
121, 52432
122, 51808
123, 50869
124, 50743
125, 50053
126, 49511
127, 49254
128, 48702
129, 48161
130, 47352
131, 46935
132, 46511
133, 45701
134, 45694
135, 45322
136, 44372
137, 43940
138, 43380
139, 43130
140, 42552
141, 41887
142, 41397
143, 41199
144, 40915
145, 40175
146, 39531
147, 39308
148, 39110
149, 38071
150, 38026
151, 37349
152, 37083
153, 36835
154, 36299
155, 35712
156, 35516
157, 34985
158, 34748
159, 34264
160, 33693
161, 33400
162, 33004
163, 32847
164, 32547
165, 31985
166, 31346
167, 31272
168, 30855
169, 30321
170, 30217
171, 29921
172, 29468
173, 28674
174, 28674
175, 28550
176, 28415
177, 27555
178, 27538
179, 26825
180, 26433
181, 26309
182, 25995
183, 25792
184, 25611
185, 25133
186, 24852
187, 24484
188, 24290
189, 24080
190, 23412
191, 23365
192, 22929
193, 22712
194, 22244
195, 22716
196, 22018
197, 21615
198, 21625
199, 21094
200, 21158
201, 20470
202, 20558
203, 20363
204, 20108
205, 19620
206, 19418
207, 19361
208, 18883
209, 18933
210, 18407
211, 18602
212, 18277
213, 18024
214, 17835
215, 17483
216, 17186
217, 17122
218, 16761
219, 16758
220, 16369
221, 16344
222, 16111
223, 16230
224, 15840
225, 15563
226, 15137
227, 14958
228, 14884
229, 14627
230, 14720
231, 14208
232, 14271
233, 14108
234, 13841
235, 13739
236, 13601
237, 13456
238, 13328
239, 13105
240, 12794
241, 12840
242, 12727
243, 12587
244, 12380
245, 12216
246, 12061
247, 11953
248, 11836
249, 11776
250, 11466
251, 11458
252, 11135
253, 11242
254, 10922
255, 10824
256, 10635
257, 10623
258, 10472
259, 10310
260, 10295
261, 10047
262, 10001
263, 9811
264, 9700
265, 9527
266, 9292
267, 9274
268, 9384
269, 9292
270, 8995
271, 8884
272, 8662
273, 8712
274, 8586
275, 8595
276, 8465
277, 8214
278, 8190
279, 7991
280, 7810
281, 7781
282, 7851
283, 7712
284, 7532
285, 7544
286, 7559
287, 7134
288, 7262
289, 6980
290, 7106
291, 6824
292, 6924
293, 6854
294, 6531
295, 6650
296, 6563
297, 6596
298, 6373
299, 6242
300, 6387
301, 6193
302, 6064
303, 6010
304, 6089
305, 5837
306, 5781
307, 5725
308, 5762
309, 5637
310, 5452
311, 5412
312, 5460
313, 5349
314, 5364
315, 5190
316, 5092
317, 5075
318, 5042
319, 5004
320, 4928
321, 4735
322, 4744
323, 4759
324, 4581
325, 4570
326, 4504
327, 4506
328, 4535
329, 4409
330, 4265
331, 4344
332, 4074
333, 4044
334, 4104
335, 4113
336, 4037
337, 4017
338, 3987
339, 3975
340, 3851
341, 3784
342, 3722
343, 3546
344, 3662
345, 3612
346, 3612
347, 3407
348, 3454
349, 3440
350, 3462
351, 3371
352, 3301
353, 3288
354, 3179
355, 3174
356, 3294
357, 3042
358, 2986
359, 3193
360, 3056
361, 2920
362, 2854
363, 2850
364, 2861
365, 2753
366, 2776
367, 2826
368, 2669
369, 2623
370, 2607
371, 2605
372, 2494
373, 2579
374, 2510
375, 2478
376, 2367
377, 2398
378, 2392
379, 2271
380, 2367
381, 2344
382, 2353
383, 2384
384, 2250
385, 2154
386, 2120
387, 2148
388, 2068
389, 2092
390, 2036
391, 2085
392, 1952
393, 2018
394, 1930
395, 1999
396, 1839
397, 1936
398, 1808
399, 1860
400, 1813
401, 1815
402, 1801
403, 1802
404, 1764
405, 1677
406, 1687
407, 1659
408, 1668
409, 1647
410, 1618
411, 1656
412, 1590
413, 1515
414, 1585
415, 1520
416, 1477
417, 1497
418, 1475
419, 1448
420, 1416
421, 1393
422, 1391
423, 1378
424, 1380
425, 1388
426, 1340
427, 1295
428, 1265
429, 1247
430, 1275
431, 1231
432, 1225
433, 1226
434, 1150
435, 1134
436, 1159
437, 1208
438, 1151
439, 1159
440, 1120
441, 1123
442, 1133
443, 1020
444, 1087
445, 1055
446, 1076
447, 1018
448, 1088
449, 943
450, 956
451, 981
452, 873
453, 1009
454, 931
455, 946
456, 954
457, 901
458, 878
459, 883
460, 904
461, 809
462, 826
463, 864
464, 844
465, 807
466, 828
467, 821
468, 802
469, 756
470, 746
471, 750
472, 769
473, 738
474, 756
475, 716
476, 735
477, 664
478, 686
479, 687
480, 702
481, 630
482, 642
483, 662
484, 636
485, 606
486, 640
487, 628
488, 630
489, 631
490, 609
491, 613
492, 550
493, 547
494, 557
495, 582
496, 557
497, 593
498, 538
499, 539
500, 518
501, 557
502, 506
503, 476
504, 522
505, 542
506, 473
507, 484
508, 461
509, 466
510, 439
511, 459
512, 410
513, 421
514, 428
515, 472
516, 436
517, 430
518, 429
519, 412
520, 396
521, 424
522, 380
523, 376
524, 368
525, 381
526, 364
527, 391
528, 390
529, 359
530, 343
531, 366
532, 329
533, 355
534, 331
535, 343
536, 338
537, 334
538, 310
539, 347
540, 289
541, 300
542, 304
543, 312
544, 321
545, 326
546, 290
547, 288
548, 283
549, 284
550, 303
551, 286
552, 279
553, 270
554, 248
555, 271
556, 246
557, 273
558, 246
559, 243
560, 208
561, 233
562, 239
563, 249
564, 218
565, 222
566, 253
567, 226
568, 219
569, 221
570, 223
571, 203
572, 203
573, 217
574, 216
575, 200
576, 200
577, 203
578, 185
579, 167
580, 208
581, 185
582, 156
583, 194
584, 167
585, 200
586, 170
587, 176
588, 180
589, 177
590, 177
591, 169
592, 176
593, 157
594, 163
595, 178
596, 150
597, 164
598, 155
599, 155
600, 132
601, 150
602, 154
603, 136
604, 121
605, 128
606, 115
607, 131
608, 142
609, 126
610, 111
611, 131
612, 121
613, 125
614, 118
615, 129
616, 114
617, 117
618, 123
619, 98
620, 110
621, 115
622, 115
623, 89
624, 91
625, 93
626, 100
627, 115
628, 104
629, 107
630, 86
631, 105
632, 99
633, 124
634, 115
635, 102
636, 105
637, 81
638, 96
639, 85
640, 92
641, 92
642, 81
643, 95
644, 80
645, 79
646, 89
647, 75
648, 67
649, 76
650, 74
651, 79
652, 98
653, 80
654, 65
655, 66
656, 75
657, 70
658, 78
659, 74
660, 57
661, 69
662, 65
663, 56
664, 73
665, 65
666, 72
667, 55
668, 59
669, 60
670, 60
671, 66
672, 49
673, 62
674, 58
675, 48
676, 49
677, 48
678, 35
679, 50
680, 44
681, 72
682, 42
683, 44
684, 45
685, 43
686, 43
687, 37
688, 50
689, 36
690, 44
691, 49
692, 40
693, 38
694, 41
695, 57
696, 36
697, 46
698, 48
699, 42
700, 55
701, 43
702, 36
703, 34
704, 38
705, 38
706, 39
707, 29
708, 30
709, 34
710, 38
711, 28
712, 31
713, 40
714, 32
715, 30
716, 33
717, 34
718, 39
719, 34
720, 27
721, 25
722, 36
723, 35
724, 31
725, 21
726, 30
727, 28
728, 34
729, 26
730, 29
731, 20
732, 26
733, 14
734, 33
735, 18
736, 26
737, 18
738, 22
739, 27
740, 32
741, 17
742, 17
743, 19
744, 23
745, 25
746, 23
747, 18
748, 12
749, 19
750, 18
751, 27
752, 19
753, 22
754, 19
755, 19
756, 21
757, 18
758, 15
759, 13
760, 17
761, 19
762, 17
763, 18
764, 12
765, 24
766, 10
767, 9
768, 12
769, 12
770, 21
771, 14
772, 7
773, 22
774, 13
775, 12
776, 17
777, 11
778, 19
779, 12
780, 12
781, 10
782, 21
783, 9
784, 10
785, 5
786, 18
787, 24
788, 12
789, 8
790, 11
791, 13
792, 15
793, 17
794, 11
795, 14
796, 15
797, 10
798, 15
799, 17
800, 10
801, 12
802, 12
803, 12
804, 9
805, 9
806, 13
807, 9
808, 10
809, 8
810, 14
811, 11
812, 10
813, 12
814, 12
815, 8
816, 4
817, 9
818, 14
819, 13
820, 10
821, 4
822, 10
823, 5
824, 6
825, 16
826, 4
827, 8
828, 6
829, 10
830, 2
831, 2
832, 6
833, 8
834, 2
835, 11
836, 3
837, 6
838, 9
839, 3
840, 5
841, 3
842, 9
843, 6
844, 3
845, 1
846, 7
847, 5
848, 3
849, 2
850, 2
851, 5
852, 5
853, 7
854, 6
855, 1
856, 3
857, 5
858, 3
859, 5
860, 4
861, 5
862, 7
863, 5
864, 7
865, 9
866, 5
867, 3
868, 1
869, 4
870, 7
871, 1
872, 8
873, 4
874, 4
875, 4
876, 2
877, 5
878, 4
879, 7
880, 2
881, 5
882, 5
883, 5
884, 5
885, 2
886, 3
887, 3
888, 2
889, 3
890, 1
891, 2
892, 1
893, 5
894, 1
895, 1
896, 3
897, 7
898, 3
899, 3
900, 3
901, 2
902, 2
903, 0
904, 3
905, 1
906, 3
907, 2
908, 4
909, 1
910, 2
911, 3
912, 1
913, 6
914, 2
915, 1
916, 2
917, 0
918, 3
919, 1
920, 2
921, 0
922, 2
923, 1
924, 1
925, 0
926, 2
927, 1
928, 1
929, 0
930, 3
931, 2
932, 0
933, 2
934, 1
935, 1
936, 2
937, 4
938, 4
939, 0
940, 1
941, 3
942, 2
943, 0
944, 0
945, 1
946, 0
947, 2
948, 1
949, 3
950, 3
951, 2
952, 0
953, 3
954, 0
955, 2
956, 6
957, 1
958, 1
959, 1
960, 1
961, 1
962, 2
963, 1
964, 1
965, 1
966, 2
967, 4
968, 1
969, 1
970, 3
971, 0
972, 1
973, 1
974, 0
975, 3
976, 3
977, 0
978, 2
979, 3
980, 0
981, 2
982, 0
983, 1
984, 1
985, 0
986, 1
987, 0
988, 1
989, 1
990, 2
991, 2
992, 1
993, 0
994, 1
995, 0
996, 1
997, 0
998, 3
999, 0
1000, 1
1001, 0
1002, 0
1003, 1
1004, 1
1005, 0
1006, 1
1007, 0
1008, 1
1009, 0
1010, 0
1011, 0
1012, 0
1013, 1
1014, 0
1015, 0
1016, 0
1017, 1
1018, 1
1019, 1
1020, 0
1021, 0
1022, 1
1023, 0
1024, 0
1025, 1
1026, 1
1027, 0
1028, 1
1029, 0
1030, 1
1031, 0
1032, 1
1033, 0
1034, 0
1035, 0
1036, 0
1037, 0
1038, 0
1039, 0
1040, 1
1041, 1
1042, 0
1043, 0
1044, 0
1045, 1
1046, 0
1047, 0
1048, 1
1049, 0
1050, 0
1051, 0
1052, 1
1053, 0
1054, 0
1055, 0
1056, 0
1057, 1
1058, 1
1059, 0
1060, 0
1061, 0
1062, 0
1063, 0
1064, 1
1065, 0
1066, 0
1067, 0
1068, 0
1069, 1
1070, 0
1071, 1
1072, 0
1073, 0
1074, 0
1075, 0
1076, 0
1077, 1
1078, 0
1079, 1
1080, 0
1081, 0
1082, 0
1083, 0
1084, 0
1085, 0
1086, 1
1087, 0
1088, 0
1089, 0
1090, 0
1091, 0
1092, 0
1093, 1
1094, 0
1095, 0
1096, 1
1097, 0
1098, 0
1099, 0
1100, 0
1101, 0
1102, 0
1103, 0
1104, 1
1105, 0
1106, 0
1107, 0
1108, 0
1109, 1
1110, 0
1111, 1
1112, 0
1113, 0
1114, 0
1115, 0
1116, 0
1117, 0
1118, 0
1119, 1
1120, 0
1121, 0
1122, 0
1123, 0
1124, 0
1125, 0
1126, 0
1127, 0
1128, 0
1129, 0
1130, 0
1131, 1
1132, 0
1133, 0
1134, 0
1135, 0
1136, 0
1137, 0
1138, 0
1139, 0
1140, 0
1141, 0
1142, 0
1143, 0
1144, 0
1145, 0
1146, 1
1147, 0
1148, 0
1149, 0
1150, 0
1151, 0
1152, 0
1153, 0
1154, 0
1155, 0
1156, 0
1157, 0
1158, 0
1159, 0
1160, 0
1161, 0
1162, 0
1163, 0
1164, 0
1165, 0
1166, 0
1167, 0
1168, 0
1169, 0
1170, 0
1171, 0
1172, 0
1173, 0
1174, 0
1175, 0
1176, 0
1177, 0
1178, 0
1179, 0
1180, 0
1181, 0
1182, 0
1183, 0
1184, 1
1185, 0
1186, 0
1187, 0
1188, 0
1189, 0
1190, 0
1191, 0
1192, 0
1193, 0
1194, 0
1195, 0
1196, 0
1197, 0
1198, 0
1199, 0
1200, 0
1201, 0
1202, 0
1203, 0
1204, 0
1205, 0
1206, 0
1207, 0
1208, 0
1209, 0
1210, 0
1211, 0
1212, 0
1213, 0
1214, 0
1215, 0
1216, 0
1217, 0
1218, 0
1219, 0
1220, 0
1221, 0
1222, 0
1223, 0
1224, 0
1225, 0
1226, 0
1227, 0
1228, 0
1229, 0
1230, 0
1231, 0
1232, 0
1233, 0
1234, 0
1235, 0
1236, 0
1237, 0
1238, 0
1239, 0
1240, 0
1241, 0
1242, 0
1243, 0
1244, 0
1245, 0
1246, 0
1247, 1
