2, 2
3, 3
4, 3
5, 4
6, 5
7, 6
8, 7
9, 8
10, 9
11, 10
12, 11
13, 12
14, 13
15, 15
16, 16
17, 17
18, 19
19, 19
20, 20
21, 22
22, 23
23, 24
24, 25
25, 27
26, 29
27, 30
28, 30
29, 33
30, 33
31, 36
32, 36
33, 37
34, 38
35, 42
36, 41
37, 42
38, 44
39, 46
40, 47
41, 49
42, 50
43, 51
44, 51
45, 54
46, 55
47, 56
48, 58
49, 60
50, 61
51, 63
52, 64
53, 64
54, 68
55, 69
56, 70
57, 74
58, 71
59, 76
60, 78
61, 78
62, 78
63, 80
64, 85
65, 81
66, 86
67, 86
68, 88
69, 91
70, 90
71, 92
72, 93
73, 94
74, 98
75, 100
76, 99
77, 98
78, 102
79, 103
80, 103
81, 107
82, 108
83, 109
84, 112
85, 110
86, 113
87, 114
88, 113
89, 116
90, 116
91, 123
92, 123
93, 123
94, 125
95, 124
96, 129
97, 127
98, 128
99, 133
100, 131
101, 136
102, 135
103, 142
104, 142
105, 140
106, 138
107, 141
108, 139
109, 147
110, 149
111, 151
112, 150
113, 159
114, 153
115, 163
116, 158
117, 161
118, 159
119, 157
120, 165
121, 164
122, 164
123, 166
124, 165
125, 171
126, 172
127, 170
128, 169
129, 178
130, 183
131, 173
132, 179
133, 178
134, 185
135, 180
136, 183
137, 182
138, 193
139, 190
140, 196
141, 194
142, 194
143, 206
144, 197
145, 204
146, 200
147, 198
148, 206
149, 204
150, 206
151, 213
152, 213
153, 211
154, 214
155, 213
156, 219
157, 220
158, 215
159, 221
160, 221
161, 222
162, 226
163, 224
164, 234
165, 229
166, 233
167, 235
168, 235
169, 235
170, 238
171, 233
172, 250
173, 239
174, 239
175, 248
176, 257
177, 245
178, 249
179, 250
180, 255
181, 251
182, 263
183, 256
184, 270
185, 265
186, 263
187, 262
188, 267
189, 263
190, 276
191, 259
192, 268
193, 275
194, 275
195, 270
196, 276
197, 282
198, 269
199, 280
200, 283
201, 280
202, 288
203, 285
204, 286
205, 286
206, 297
207, 290
208, 294
209, 292
210, 303
211, 303
212, 289
213, 307
214, 306
215, 292
216, 313
217, 299
218, 312
219, 320
220, 305
221, 322
222, 310
223, 309
224, 306
225, 310
226, 328
227, 329
228, 331
229, 324
230, 320
231, 324
232, 326
233, 332
234, 345
235, 339
236, 342
237, 344
238, 347
239, 342
240, 349
241, 344
242, 353
243, 354
244, 349
245, 359
246, 355
247, 341
248, 355
249, 355
250, 359
251, 351
252, 360
253, 365
254, 362
255, 372
256, 372
257, 372
258, 361
259, 371
260, 371
261, 366
262, 367
263, 377
264, 382
265, 383
266, 385
267, 394
268, 391
269, 404
270, 381
271, 393
272, 407
273, 399
274, 402
275, 389
276, 394
277, 397
278, 398
279, 403
280, 391
281, 408
282, 397
283, 405
284, 412
285, 413
286, 417
287, 405
288, 413
289, 415
290, 420
291, 409
292, 429
293, 429
294, 415
295, 425
296, 438
297, 431
298, 436
299, 436
300, 413
301, 433
302, 439
303, 430
304, 429
305, 426
306, 432
307, 448
308, 446
309, 464
310, 466
311, 450
312, 444
313, 465
314, 454
315, 459
316, 453
317, 461
318, 443
319, 449
320, 461
321, 470
322, 439
323, 481
324, 465
325, 473
326, 477
327, 464
328, 478
329, 487
330, 475
331, 475
332, 474
333, 485
334, 494
335, 485
336, 493
337, 482
338, 481
339, 477
340, 487
341, 486
342, 510
343, 500
344, 505
345, 496
346, 493
347, 522
348, 511
349, 503
350, 515
351, 518
352, 502
353, 506
354, 518
355, 494
356, 514
357, 520
358, 529
359, 514
360, 511
361, 527
362, 545
363, 516
364, 530
365, 536
366, 515
367, 523
368, 531
369, 552
370, 528
371, 530
372, 544
373, 535
374, 547
375, 550
376, 559
377, 553
378, 539
379, 545
380, 537
381, 561
382, 554
383, 559
384, 559
385, 563
386, 556
387, 589
388, 572
389, 550
390, 562
391, 573
392, 591
393, 579
394, 595
395, 573
396, 555
397, 575
398, 559
399, 589
400, 584
401, 593
402, 588
403, 585
404, 593
405, 580
406, 603
407, 596
408, 584
409, 577
410, 597
411, 575
412, 593
413, 593
414, 613
415, 598
416, 594
417, 596
418, 606
419, 594
420, 588
421, 603
422, 625
423, 620
424, 599
425, 630
426, 625
427, 616
428, 629
429, 640
430, 628
431, 624
432, 635
433, 620
434, 640
435, 628
436, 620
437, 647
438, 634
439, 645
440, 659
441, 657
442, 675
443, 636
444, 644
445, 667
446, 673
447, 665
448, 640
449, 677
450, 671
451, 665
452, 645
453, 666
454, 672
455, 663
456, 682
457, 682
458, 681
459, 676
460, 659
461, 661
462, 691
463, 672
464, 676
465, 679
466, 692
467, 680
468, 683
469, 688
470, 706
471, 679
472, 690
473, 690
474, 701
475, 698
476, 699
477, 705
478, 689
479, 690
480, 699
481, 720
482, 698
483, 714
484, 708
485, 713
486, 734
487, 736
488, 724
489, 710
490, 732
491, 736
492, 731
493, 717
494, 715
495, 719
496, 731
497, 713
498, 729
499, 740
500, 706
501, 745
502, 753
503, 756
504, 732
505, 758
506, 745
507, 730
508, 750
509, 760
510, 747
511, 772
512, 752
513, 747
514, 772
515, 739
516, 743
517, 766
518, 734
519, 755
520, 771
521, 796
522, 774
523, 805
524, 761
525, 806
526, 779
527, 751
528, 783
529, 769
530, 781
531, 781
532, 771
533, 790
534, 769
535, 773
536, 800
537, 794
538, 826
539, 757
540, 794
541, 773
542, 815
543, 831
544, 814
545, 788
546, 824
547, 809
548, 817
549, 809
550, 823
551, 827
552, 795
553, 804
554, 831
555, 820
556, 800
557, 810
558, 833
559, 825
560, 831
561, 817
562, 837
563, 820
564, 859
565, 822
566, 822
567, 835
568, 832
569, 883
570, 844
571, 862
572, 836
573, 835
574, 821
575, 839
576, 824
577, 873
578, 852
579, 845
580, 853
581, 829
582, 862
583, 845
584, 864
585, 842
586, 882
587, 873
588, 900
589, 893
590, 835
591, 857
592, 896
593, 868
594, 875
595, 894
596, 856
597, 874
598, 903
599, 886
600, 899
601, 875
602, 848
603, 910
604, 897
605, 931
606, 914
607, 910
608, 924
609, 887
610, 918
611, 905
612, 918
613, 891
614, 911
615, 877
616, 926
617, 940
618, 915
619, 895
620, 919
621, 901
622, 968
623, 907
624, 931
625, 908
626, 920
627, 908
628, 924
629, 940
630, 930
631, 953
632, 954
633, 908
634, 918
635, 942
636, 946
637, 930
638, 933
639, 932
640, 943
641, 960
642, 968
643, 947
644, 960
645, 968
646, 959
647, 948
648, 935
649, 961
650, 943
651, 965
652, 942
653, 986
654, 966
655, 978
656, 984
657, 973
658, 962
659, 1002
660, 976
661, 1037
662, 983
663, 977
664, 988
665, 1024
666, 982
667, 989
668, 1018
669, 996
670, 997
671, 986
672, 1009
673, 974
674, 1001
675, 992
676, 971
677, 1011
678, 997
679, 1036
680, 1014
681, 1018
682, 978
683, 1052
684, 1029
685, 1009
686, 1036
687, 1027
688, 1027
689, 1009
690, 1045
691, 1019
692, 1006
693, 1034
694, 1035
695, 1037
696, 1056
697, 1037
698, 1020
699, 1060
700, 1047
701, 1030
702, 1050
703, 1021
704, 1068
705, 1050
706, 1035
707, 1049
708, 1053
709, 1067
710, 1040
711, 1102
712, 1091
713, 1054
714, 1094
715, 1050
716, 1051
717, 1084
718, 1102
