2, 2
3, 4
4, 6
5, 8
6, 11
7, 14
8, 17
9, 20
10, 24
11, 27
12, 30
13, 34
14, 38
15, 42
16, 46
17, 49
18, 54
19, 57
20, 61
21, 67
22, 70
23, 75
24, 79
25, 84
26, 89
27, 94
28, 97
29, 102
30, 107
31, 112
32, 117
33, 122
34, 128
35, 131
36, 136
37, 141
38, 145
39, 151
40, 158
41, 164
42, 168
43, 172
44, 177
45, 183
46, 188
47, 192
48, 199
49, 201
50, 206
51, 213
52, 218
53, 226
54, 227
55, 234
56, 242
57, 244
58, 253
59, 257
60, 261
61, 268
62, 273
63, 282
64, 287
65, 295
66, 291
67, 301
68, 310
69, 315
70, 322
71, 324
72, 330
73, 339
74, 342
75, 345
76, 357
77, 356
78, 371
79, 370
80, 373
81, 381
82, 390
83, 396
84, 395
85, 412
86, 410
87, 420
88, 424
89, 432
90, 435
91, 441
92, 449
93, 458
94, 463
95, 466
96, 469
97, 476
98, 485
99, 491
100, 498
101, 500
102, 516
103, 517
104, 528
105, 521
106, 539
107, 542
108, 541
109, 555
110, 560
111, 553
112, 569
113, 573
114, 585
115, 587
116, 597
117, 606
118, 606
119, 608
120, 619
121, 629
122, 628
123, 642
124, 650
125, 659
126, 659
127, 667
128, 673
129, 675
130, 686
131, 695
132, 688
133, 703
134, 707
135, 723
136, 721
137, 725
138, 738
139, 748
140, 743
141, 752
142, 752
143, 770
144, 773
145, 781
146, 789
147, 792
148, 805
149, 805
150, 814
151, 820
152, 819
153, 834
154, 840
155, 851
156, 855
157, 861
158, 865
159, 878
160, 875
161, 889
162, 900
163, 900
164, 910
165, 905
166, 916
167, 926
168, 921
169, 930
170, 944
171, 950
172, 970
173, 977
174, 971
175, 980
176, 975
177, 997
178, 1006
179, 1000
180, 1012
181, 1016
182, 1035
183, 1038
184, 1048
185, 1041
186, 1038
187, 1061
188, 1064
189, 1072
190, 1087
191, 1080
192, 1091
193, 1094
194, 1113
195, 1105
196, 1126
197, 1129
198, 1146
199, 1150
200, 1147
201, 1159
202, 1157
203, 1175
204, 1178
205, 1175
206, 1173
207, 1195
208, 1208
209, 1214
210, 1207
211, 1217
212, 1224
213, 1232
214, 1239
215, 1266
216, 1254
217, 1247
218, 1277
219, 1284
220, 1304
221, 1297
222, 1281
223, 1301
224, 1295
225, 1311
226, 1339
227, 1333
228, 1340
229, 1335
230, 1352
231, 1367
232, 1386
233, 1379
234, 1381
235, 1392
236, 1410
237, 1421
238, 1419
239, 1407
240, 1437
241, 1441
242, 1447
243, 1438
244, 1459
245, 1457
246, 1447
247, 1479
248, 1467
249, 1509
250, 1511
251, 1486
252, 1516
253, 1530
254, 1515
255, 1533
256, 1549
257, 1529
258, 1559
259, 1556
260, 1546
261, 1571
262, 1578
263, 1587
264, 1588
265, 1605
266, 1602
267, 1629
268, 1644
269, 1623
270, 1638
271, 1647
272, 1657
273, 1645
274, 1666
275, 1679
276, 1678
277, 1683
278, 1693
279, 1715
280, 1725
281, 1714
282, 1723
283, 1725
284, 1734
285, 1755
286, 1764
287, 1749
288, 1770
289, 1796
290, 1782
291, 1784
292, 1784
293, 1798
294, 1819
295, 1806
296, 1833
297, 1832
298, 1832
299, 1845
300, 1863
301, 1880
302, 1886
303, 1872
304, 1886
305, 1887
306, 1895
307, 1910
308, 1912
309, 1930
310, 1917
311, 1931
312, 1928
313, 1946
314, 1958
315, 1986
316, 1972
317, 1993
318, 1998
319, 1993
320, 2002
321, 2006
322, 2029
323, 2036
324, 2037
325, 2036
326, 2052
327, 2035
328, 2049
329, 2058
330, 2074
331, 2059
332, 2094
333, 2106
334, 2118
335, 2121
336, 2115
337, 2110
338, 2143
339, 2115
340, 2141
341, 2154
342, 2177
343, 2161
344, 2193
345, 2172
346, 2165
347, 2195
348, 2199
349, 2231
350, 2215
351, 2239
352, 2243
353, 2236
354, 2263
355, 2268
356, 2240
357, 2297
358, 2277
359, 2291
360, 2313
361, 2310
362, 2317
363, 2305
364, 2346
365, 2324
366, 2336
367, 2340
368, 2341
369, 2335
370, 2352
371, 2384
372, 2389
373, 2410
374, 2402
375, 2408
376, 2439
377, 2423
378, 2420
379, 2425
380, 2419
381, 2432
382, 2474
383, 2465
384, 2456
385, 2476
386, 2523
387, 2484
388, 2502
389, 2502
390, 2520
391, 2537
392, 2522
393, 2528
394, 2567
395, 2542
396, 2564
397, 2567
398, 2585
399, 2572
400, 2616
401, 2603
402, 2585
403, 2601
404, 2645
405, 2629
406, 2637
407, 2643
408, 2671
409, 2661
410, 2671
411, 2681
412, 2672
413, 2700
414, 2720
415, 2691
416, 2698
417, 2715
418, 2717
419, 2730
420, 2723
421, 2765
422, 2794
423, 2756
424, 2785
425, 2773
426, 2786
427, 2793
428, 2816
429, 2816
430, 2812
431, 2832
432, 2828
433, 2851
434, 2833
435, 2842
436, 2875
437, 2836
438, 2864
439, 2884
440, 2866
441, 2900
442, 2893
443, 2947
444, 2930
445, 2944
446, 2952
447, 2927
448, 2958
449, 2989
450, 2984
451, 2977
452, 2980
453, 3006
454, 2962
455, 3013
456, 3027
457, 3059
458, 3040
459, 3041
460, 3065
461, 3027
462, 3039
463, 3045
464, 3097
465, 3075
466, 3118
467, 3090
468, 3074
469, 3126
470, 3139
471, 3162
472, 3167
473, 3135
474, 3166
475, 3179
476, 3209
477, 3167
478, 3178
479, 3205
480, 3139
481, 3225
482, 3223
483, 3224
484, 3210
485, 3263
486, 3229
487, 3278
488, 3258
489, 3259
490, 3295
491, 3288
492, 3301
493, 3289
494, 3333
495, 3310
496, 3311
497, 3359
498, 3357
499, 3346
500, 3379
501, 3337
502, 3363
503, 3367
504, 3402
505, 3392
506, 3415
507, 3455
508, 3386
509, 3432
510, 3445
511, 3438
512, 3466
513, 3476
514, 3444
515, 3478
516, 3506
517, 3496
518, 3515
519, 3492
520, 3510
521, 3515
522, 3537
523, 3518
524, 3554
525, 3577
526, 3573
527, 3582
528, 3565
529, 3578
530, 3605
531, 3574
532, 3599
533, 3618
534, 3623
535, 3604
536, 3635
537, 3647
538, 3661
539, 3665
540, 3674
541, 3729
542, 3686
543, 3684
544, 3654
545, 3702
546, 3713
547, 3741
548, 3685
549, 3748
550, 3777
551, 3742
552, 3789
553, 3781
554, 3812
555, 3783
556, 3766
557, 3804
558, 3826
559, 3883
560, 3781
561, 3805
562, 3902
563, 3868
564, 3864
565, 3841
566, 3870
567, 3840
568, 3898
569, 3917
570, 3887
571, 3907
572, 3962
573, 3956
574, 3903
575, 3926
576, 3978
577, 3985
578, 3960
579, 4022
580, 3937
581, 3992
582, 3971
583, 4007
584, 3989
585, 4037
586, 4081
587, 4062
588, 4047
589, 4070
590, 4008
591, 4056
592, 4062
593, 4105
594, 4077
595, 4067
596, 4110
597, 4074
598, 4114
599, 4164
600, 4130
601, 4135
602, 4146
603, 4194
604, 4198
605, 4202
606, 4143
607, 4224
608, 4237
609, 4187
610, 4193
611, 4194
612, 4254
613, 4239
614, 4226
615, 4306
616, 4277
617, 4268
618, 4276
619, 4291
620, 4298
621, 4307
622, 4329
623, 4386
624, 4334
625, 4334
626, 4344
627, 4350
628, 4363
629, 4400
630, 4368
631, 4408
632, 4417
633, 4378
634, 4453
635, 4451
636, 4441
637, 4426
638, 4469
639, 4418
640, 4485
641, 4470
642, 4476
643, 4519
644, 4518
645, 4455
646, 4562
647, 4506
648, 4547
649, 4543
650, 4533
651, 4581
652, 4606
653, 4567
654, 4620
655, 4540
656, 4621
657, 4600
658, 4609
659, 4650
660, 4579
661, 4638
662, 4702
663, 4635
664, 4677
665, 4647
666, 4687
667, 4665
668, 4688
669, 4722
670, 4724
671, 4719
672, 4741
673, 4746
674, 4754
675, 4746
676, 4734
677, 4777
678, 4768
679, 4777
680, 4795
681, 4799
682, 4799
683, 4817
684, 4846
685, 4794
686, 4861
687, 4891
688, 4878
689, 4861
690, 4850
691, 4846
692, 4918
693, 4942
694, 4909
695, 4916
696, 4887
697, 4885
698, 4925
699, 4927
700, 4950
701, 4905
702, 4944
703, 5018
704, 4962
705, 4961
706, 4985
707, 5000
708, 5039
709, 5041
710, 5008
711, 5044
712, 5017
713, 5069
714, 5029
715, 5069
716, 5087
717, 5095
718, 5126
719, 5096
720, 5223
721, 5099
722, 5102
723, 5104
724, 5147
725, 5179
726, 5144
727, 5211
728, 5184
729, 5192
730, 5192
731, 5178
732, 5262
733, 5222
734, 5196
735, 5305
736, 5263
737, 5224
738, 5302
739, 5240
740, 5303
741, 5279
742, 5276
743, 5314
744, 5270
745, 5332
746, 5359
747, 5326
748, 5333
749, 5357
750, 5335
751, 5375
752, 5370
753, 5366
754, 5403
755, 5356
756, 5377
757, 5384
758, 5451
759, 5448
760, 5434
761, 5417
762, 5429
763, 5481
764, 5449
765, 5484
766, 5519
767, 5513
768, 5488
769, 5494
770, 5506
771, 5580
772, 5538
773, 5575
774, 5561
775, 5524
776, 5636
777, 5624
778, 5615
779, 5535
780, 5558
781, 5572
782, 5693
783, 5613
784, 5639
785, 5648
786, 5647
787, 5688
788, 5678
789, 5651
790, 5747
791, 5691
792, 5698
793, 5687
794, 5721
795, 5751
796, 5773
797, 5767
798, 5811
799, 5781
800, 5836
801, 5765
802, 5764
803, 5771
804, 5801
805, 5725
806, 5775
807, 5795
808, 5888
809, 5860
810, 5844
811, 5899
812, 5900
813, 5905
814, 5869
815, 5915
816, 5889
817, 5881
818, 5961
819, 5902
820, 5947
821, 5965
822, 5969
823, 5963
824, 6008
825, 5952
826, 5943
827, 6008
828, 5960
829, 5984
830, 6057
831, 5980
832, 6073
833, 6015
834, 6087
835, 6014
836, 6054
837, 6107
838, 6061
839, 6116
840, 6107
841, 6142
842, 6157
843, 6176
844, 6152
845, 6145
846, 6213
847, 6180
848, 6105
849, 6133
850, 6200
851, 6147
852, 6177
853, 6148
854, 6197
855, 6197
856, 6249
857, 6294
858, 6228
859, 6230
860, 6206
861, 6258
862, 6270
863, 6262
864, 6313
865, 6242
866, 6321
867, 6347
868, 6342
869, 6332
870, 6386
871, 6316
872, 6387
873, 6362
874, 6340
875, 6366
876, 6423
877, 6387
878, 6466
879, 6401
880, 6399
881, 6383
882, 6444
883, 6483
884, 6539
885, 6450
886, 6503
887, 6507
888, 6529
889, 6488
890, 6484
891, 6509
892, 6552
893, 6518
894, 6542
895, 6558
896, 6633
897, 6520
898, 6578
899, 6574
900, 6629
901, 6623
902, 6623
903, 6643
904, 6589
905, 6618
906, 6671
907, 6661
908, 6707
909, 6699
910, 6667
911, 6720
912, 6667
913, 6672
914, 6678
915, 6737
916, 6705
917, 6691
918, 6752
919, 6711
920, 6808
921, 6724
922, 6864
923, 6788
924, 6764
925, 6791
926, 6762
927, 6775
928, 6854
929, 6837
930, 6907
931, 6898
932, 6828
933, 6874
934, 6866
935, 6915
936, 6937
937, 6912
938, 6889
939, 6925
940, 6987
941, 6941
942, 6903
943, 6948
944, 7007
945, 6924
946, 6909
947, 6957
948, 6964
949, 6979
950, 7001
951, 7090
952, 7085
953, 7052
954, 7053
955, 7045
956, 7111
957, 7150
958, 7051
959, 7061
960, 7108
961, 7050
962, 7132
963, 7080
964, 7081
965, 7103
966, 7110
967, 7133
968, 7110
969, 7109
970, 7251
971, 7229
972, 7193
973, 7236
974, 7231
975, 7228
976, 7252
977, 7221
978, 7315
979, 7316
980, 7304
981, 7263
982, 7222
983, 7384
984, 7334
985, 7255
986, 7321
987, 7378
988, 7404
989, 7404
990, 7374
991, 7354
992, 7362
993, 7367
994, 7383
995, 7441
996, 7443
997, 7440
998, 7432
999, 7458
1000, 7414
1001, 7415
1002, 7467
1003, 7445
1004, 7501
1005, 7466
1006, 7576
1007, 7527
1008, 7484
1009, 7551
1010, 7545
1011, 7589
1012, 7559
1013, 7637
1014, 7507
1015, 7617
1016, 7539
1017, 7528
1018, 7626
1019, 7606
1020, 7618
1021, 7570
1022, 7560
1023, 7620
1024, 7694
1025, 7596
1026, 7708
1027, 7696
1028, 7695
1029, 7708
1030, 7732
1031, 7684
1032, 7709
1033, 7733
1034, 7754
1035, 7745
1036, 7802
1037, 7820
1038, 7717
1039, 7782
1040, 7756
1041, 7781
1042, 7713
1043, 7829
1044, 7847
1045, 7800
1046, 7775
1047, 7868
1048, 7877
1049, 7793
1050, 7898
1051, 7894
1052, 7848
1053, 7864
1054, 7935
1055, 7973
1056, 7939
1057, 7981
1058, 7965
1059, 8009
1060, 7950
1061, 7893
1062, 7973
1063, 7962
1064, 7995
1065, 8038
1066, 7973
1067, 8012
1068, 8091
1069, 8003
1070, 8030
1071, 7985
1072, 8163
1073, 7975
1074, 8018
1075, 8125
1076, 8118
1077, 8077
1078, 8158
1079, 8087
1080, 8068
1081, 8240
1082, 8078
1083, 8159
1084, 8155
1085, 8142
1086, 8203
1087, 8193
1088, 8160
1089, 8305
1090, 8183
1091, 8169
1092, 8282
1093, 8292
1094, 8292
1095, 8213
1096, 8255
1097, 8376
1098, 8221
1099, 8316
1100, 8268
1101, 8408
1102, 8245
1103, 8345
1104, 8345
1105, 8285
1106, 8405
1107, 8394
1108, 8368
1109, 8389
1110, 8379
1111, 8414
1112, 8420
1113, 8438
1114, 8358
1115, 8460
1116, 8402
1117, 8415
1118, 8401
1119, 8376
1120, 8399
1121, 8513
1122, 8439
1123, 8525
1124, 8536
1125, 8576
1126, 8626
1127, 8517
1128, 8590
1129, 8498
1130, 8537
1131, 8593
1132, 8570
1133, 8586
1134, 8551
1135, 8616
1136, 8629
1137, 8673
1138, 8600
1139, 8619
1140, 8721
1141, 8572
1142, 8640
1143, 8623
1144, 8702
1145, 8685
1146, 8669
1147, 8687
1148, 8622
1149, 8667
1150, 8770
1151, 8732
1152, 8795
1153, 8665
1154, 8719
1155, 8772
1156, 8874
1157, 8796
1158, 8851
1159, 8884
1160, 8804
1161, 8769
1162, 8831
1163, 8814
1164, 8838
1165, 8822
1166, 8886
1167, 8759
1168, 8861
1169, 8938
1170, 8971
1171, 8928
1172, 8926
1173, 8877
1174, 8967
1175, 8932
1176, 8965
1177, 8924
1178, 9044
1179, 8960
1180, 8965
1181, 8982
1182, 8970
1183, 8984
1184, 9087
1185, 9115
1186, 9031
1187, 9041
1188, 9075
1189, 9139
1190, 9045
1191, 9059
1192, 9049
1193, 9069
1194, 9052
1195, 9192
1196, 9001
1197, 9126
1198, 9101
1199, 9143
1200, 9176
1201, 9215
1202, 9161
1203, 9168
1204, 9237
1205, 9142
1206, 9155
1207, 9231
1208, 9271
1209, 9259
1210, 9226
1211, 9228
1212, 9284
1213, 9209
1214, 9258
1215, 9282
1216, 9323
1217, 9275
1218, 9288
1219, 9296
1220, 9317
1221, 9315
1222, 9293
1223, 9328
1224, 9338
1225, 9315
1226, 9446
1227, 9464
1228, 9319
1229, 9469
1230, 9450
1231, 9462
1232, 9455
1233, 9404
1234, 9399
1235, 9508
1236, 9496
1237, 9489
1238, 9442
1239, 9415
1240, 9506
1241, 9538
1242, 9489
1243, 9584
1244, 9445
1245, 9548
1246, 9539
1247, 9499
1248, 9600
1249, 9534
1250, 9596
1251, 9631
1252, 9598
1253, 9683
1254, 9607
1255, 9733
1256, 9659
1257, 9708
1258, 9605
1259, 9742
1260, 9630
1261, 9705
1262, 9756
1263, 9712
1264, 9701
1265, 9646
1266, 9728
1267, 9692
1268, 9745
1269, 9763
1270, 9772
1271, 9740
1272, 9748
1273, 9758
1274, 9788
1275, 9756
1276, 9790
1277, 9843
1278, 9779
1279, 9861
1280, 9805
1281, 9833
1282, 9902
1283, 9856
1284, 9921
1285, 9937
1286, 9930
1287, 9945
1288, 9913
1289, 9938
1290, 9858
1291, 9962
1292, 10039
1293, 9964
1294, 9986
1295, 9953
1296, 10016
1297, 9960
1298, 9930
1299, 9953
1300, 10025
1301, 10041
1302, 10115
1303, 9971
1304, 9999
1305, 10218
1306, 10038
1307, 10115
1308, 10023
1309, 10121
1310, 10108
1311, 10059
1312, 10130
1313, 10243
1314, 10159
1315, 10219
1316, 10174
1317, 10113
1318, 10266
1319, 10108
1320, 10176
1321, 10247
1322, 10104
1323, 10338
1324, 10213
1325, 10286
1326, 10205
1327, 10259
1328, 10174
1329, 10281
1330, 10228
1331, 10250
1332, 10346
1333, 10314
1334, 10325
1335, 10487
1336, 10358
1337, 10364
1338, 10386
1339, 10360
1340, 10450
1341, 10297
1342, 10330
1343, 10355
1344, 10455
1345, 10444
1346, 10459
1347, 10380
1348, 10426
