2,1
3,2
4,2
5,2
6,3
7,3
8,4
9,4
10,5
11,5
12,6
13,6
14,7
15,7
16,7
17,8
18,8
19,9
20,9
21,9
22,10
23,10
24,10
25,11
26,11
27,12
28,12
29,13
30,12
31,13
32,14
33,14
34,14
35,14
36,16
37,16
38,16
39,16
40,17
41,17
42,17
43,18
44,18
45,19
46,19
47,19
48,19
49,19
50,20
51,21
52,21
53,21
54,21
55,22
56,22
57,23
58,22
59,24
60,24
61,24
62,25
63,25
64,25
65,25
66,26
67,26
68,26
69,27
70,27
71,27
72,27
73,27
74,29
75,29
76,29
77,29
78,29
79,30
80,30
81,31
82,30
83,31
84,31
85,32
86,32
87,32
88,32
89,34
90,33
91,35
92,34
93,34
94,35
95,34
96,34
97,36
98,35
99,38
100,36
101,37
102,39
103,38
104,39
105,37
106,40
107,39
108,39
109,39
110,39
111,40
112,40
113,39
114,41
115,41
116,40
117,41
118,42
119,42
120,44
121,42
122,43
123,44
124,44
125,44
126,43
127,44
128,44
129,45
130,44
131,45
132,46
133,46
134,47
135,47
136,47
137,48
138,48
139,48
140,49
141,49
142,48
143,49
144,51
145,49
146,49
147,51
148,49
149,50
150,49
151,50
152,51
153,53
154,51
155,54
156,53
157,55
158,52
159,54
160,54
161,54
162,53
163,55
164,54
165,55
166,57
167,57
168,54
169,55
170,57
171,56
172,57
173,58
174,55
175,57
176,59
177,58
178,58
179,61
180,59
181,58
182,60
183,61
184,60
185,63
186,60
187,61
188,64
189,62
190,63
191,62
192,64
193,64
194,65
195,64
196,64
197,62
198,68
199,65
200,66
201,64
202,66
203,65
204,66
205,69
206,67
207,67
208,66
209,65
210,66
211,68
212,68
213,70
214,69
215,69
216,69
217,69
218,70
219,71
220,67
221,70
222,71
223,72
224,70
225,71
226,70
227,73
228,73
229,73
230,74
231,74
232,74
233,74
234,75
235,71
236,74
237,78
238,75
239,78
240,73
241,74
242,75
243,74
244,76
245,80
246,77
247,76
248,77
249,78
250,78
251,78
252,84
253,80
254,82
255,84
256,80
257,81
258,79
259,81
260,85
261,81
262,84
263,84
264,83
265,82
266,83
267,81
268,83
269,81
270,85
271,81
272,84
273,85
274,86
275,84
276,82
277,85
278,85
279,85
280,89
281,85
282,84
283,88
284,87
285,87
286,84
287,88
288,85
289,91
290,88
291,88
292,88
293,89
294,90
295,87
296,87
297,89
298,92
299,90
300,91
301,89
302,90
303,93
304,93
305,91
306,92
307,94
308,95
309,93
310,95
311,96
312,94
313,93
314,95
315,94
316,95
317,93
318,95
319,94
320,98
321,94
322,96
323,102
324,97
325,100
326,99
327,99
328,97
329,98
330,99
331,102
332,101
333,99
334,99
335,101
336,99
337,99
338,99
339,105
340,96
341,99
342,100
343,102
344,99
345,105
346,102
347,102
348,102
349,98
350,103
351,100
352,103
353,102
354,101
355,104
356,104
357,102
358,108
359,108
360,108
361,103
362,109
363,105
364,107
365,105
366,109
367,108
368,109
369,108
370,110
371,105
372,107
373,110
374,112
375,111
376,108
377,111
378,113
379,112
380,115
381,108
382,111
383,114
384,109
385,113
386,113
387,116
388,112
389,113
390,115
391,115
392,112
393,113
394,118
395,118
396,115
397,115
398,115
399,119
400,114
401,121
402,117
403,117
404,118
405,116
406,121
407,116
408,114
409,118
410,120
411,120
412,119
413,118
414,122
415,116
416,121
417,120
418,123
419,126
420,122
421,119
422,122
423,118
424,122
425,122
426,120
427,121
428,126
429,128
430,123
431,122
432,121
433,128
434,131
435,125
436,128
437,123
438,128
439,122
440,121
441,128
442,127
443,127
444,130
445,119
446,127
447,129
448,134
449,124
450,127
451,126
452,131
453,128
454,132
455,131
456,132
457,127
458,134
459,131
460,128
461,132
462,132
463,129
464,133
465,133
466,134
467,130
468,134
469,135
470,129
471,133
472,133
473,136
474,137
475,137
476,133
477,142
478,133
479,136
480,136
481,141
482,139
483,135
484,140
485,135
486,134
487,144
488,141
489,141
490,139
491,134
492,134
493,140
494,141
495,144
496,139
497,143
498,136
499,140
500,148
