0,1
1,1
2,3.0
3,5.124999999999998
4,7.349206349206349
5,9.632478632478634
6,11.955485760220487
7,14.30788724130182
8,16.68309422150166
9,19.076640366636425
10,21.48533707140296
11,23.906815779186996
12,26.3392613842314
13,28.78124737552037
14,31.231629034082932
15,33.68947153986461
16,36.15400000399879
17,38.6245637839511
18,41.100610396953854
19,43.58166605910658
20,46.067320906467195
21,48.55721759349676
22,51.051042372679305
23,53.548518026926814
24,56.049398205972814
25,58.55346284086417
26,61.060514396336984
27,63.57037478157559
28,66.0828827835453
29,68.59789191895533
30,71.11526862446715
31,73.63489072236031
32,76.15664611217944
33,78.68043164904466
34,81.2061521771297
35,83.73371969290292
36,86.26305261748875
37,88.79407516128222
38,91.3267167669286
39,93.86091161919975
40,96.39659821221409
41,98.93371896602218
42,101.47221988585864
43,104.01205025840761
44,106.55316238029067
45,109.09551131470172
46,111.63905467271013
47,114.18375241624705
48,116.72956668021092
49,119.2764616114722
50,121.82440322286081
51,124.3733592604708
52,126.92329908282565
53,129.47419355064267
54,132.0260149260737
55,134.57873678045635
56,137.1323339097108
57,139.68678225661884
58,142.24205883932535
59,144.79814168544704
60,147.3550097712843
61,149.91264296563946
62,152.471021977836
63,155.03012830955822
64,157.58994421017715
65,160.15045263524826
66,162.71163720792674
67,165.27348218304434
68,167.8359724136247
69,170.39909331964319
70,172.96283085885761
71,175.52717149951954
72,178.09210219485772
73,180.6576103591537
74,183.22368384532984
75,185.79031092390073
76,188.35748026321437
77,190.9251809108666
78,193.49340227622957
79,196.06213411397772
80,198.63136650859
81,201.20108985971075
82,203.77129486834792
83,206.34197252383032
84,208.91311409148506
85,211.48471110097523
86,214.0567553352744
87,216.6292388202118
88,219.20215381457433
89,221.7754928007127
90,224.34924847563423
91,226.9234137425401
92,229.497981702791
93,232.0729456482763
94,234.64829905413194
95,237.22403557184168
96,239.80014902264844
97,242.37663339128483
98,244.95348281999867
99,247.53069160285418
100,250.10825418029418
101,252.6861651339466
102,255.2644191816791
103,257.8430111728551
104,260.4219360838106
105,263.0011890135319
106,265.5807651795053
107,268.16065991376263
108,270.74086865908833
109,273.3213869653765
110,275.90221048615723
111,278.48333497525084
112,281.0647562835732
113,283.6464703560589
114,286.22847322871434
115,288.8107610257868
116,291.39332995704524
117,293.9761763151724
118,296.55929647324285
119,299.1426868823302
120,301.72634406916427
121,304.31026463390504
122,306.8944452479914
123,309.47888265208553
124,312.06357365405563
125,314.64851512707287
126,317.2337040077583
127,319.8191372943891
128,322.404812045202
129,324.9907253767069
130,327.5768744621105
131,330.16325652974604
132,332.74986886162054
133,335.33670879193517
134,337.92377370571785
135,340.51106103747946
136,343.0985682699169
137,345.68629293263643
138,348.274232600979
139,350.86238489481286
140,353.4507474774217
141,356.0393180543942
142,358.6280943725711
143,361.21707421901135
144,363.8062554199869
145,366.3956358400471
146,368.98521338104996
147,371.57498598128564
148,374.1649516145772
149,376.75510828945494
150,379.34545404830044
151,381.93598696658546
152,384.5267051520615
153,387.1176067440314
154,389.7086899126049
155,392.2999528580028
156,394.89139380986603
157,397.4830110265814
158,400.0748027946333
159,402.6667674279997
160,405.2589032674962
161,407.85120868022193
162,410.4436820589689
163,413.03632182164006
164,415.62912641074735
165,418.2220942928408
166,420.8152239580088
167,423.4085139193887
168,426.0019627126501
169,428.5955688955403
170,431.1893310474393
171,433.7832477688516
172,436.3773176810429
173,438.9715394255537
174,441.565911663811
175,444.16043307672726
176,446.7551023642976
177,449.3499182452171
178,451.94487945650735
179,454.5399847531584
180,457.13523290777863
181,459.73062271020063
182,462.32615296723054
183,464.9218225022414
184,467.51763015488996
185,470.11357478081374
186,472.70965525126394
187,475.30587045290304
188,477.90221928742284
189,480.4987006713325
190,483.09531353563045
191,485.69205682556424
192,488.2889295003497
193,490.88593053293454
194,493.4830589097254
195,496.0803136303474
196,498.6776937074179
197,501.2751981662909
198,503.87282604484955
199,506.4705763932752
200,509.0684482738093
201,511.66644076057673
202,514.2645529393475
203,516.862783907335
204,519.4611327730358
205,522.0595986559667
206,524.6581806865199
207,527.2568780057918
208,529.8556897653513
209,532.4546151270873
210,535.0536532630447
211,537.6528033552339
212,540.2520645954785
213,542.8514361852416
214,545.4509173354669
215,548.0505072664282
216,550.6502052075662
217,553.2500103973565
218,555.8499220831529
219,558.4499395210153
220,561.0500619756365
221,563.650288720115
222,566.2506190359035
223,568.8510522126351
224,571.4515875479848
225,574.0522243475648
226,576.6529619248057
227,579.2537996007887
228,581.8547367041936
229,584.4557725711106
230,587.0569065450028
231,589.6581379765034
232,592.2594662233839
233,594.8608906504186
234,597.4624106292512
235,600.0640255383508
236,602.6657347628378
237,605.2675376944358
238,607.869433731352
239,610.4714222781975
240,613.0735027458674
241,615.6756745514822
242,618.2779371182519
243,620.8802898754246
244,623.482732258197
245,626.0852637075795
246,628.6878836704136
247,631.2905915991505
248,633.8933869519138
249,636.4962691922893
250,639.0992377893538
251,641.7022922175536
252,644.3054319565725
253,646.9086564913684
254,649.5119653120227
255,652.115357913699
256,654.7188337965521
257,657.3223924656932
258,659.9260334310788
259,662.5297562074652
260,665.1335603143577
261,667.7374452759136
262,670.3414106209559
263,672.9454558827449
264,675.5495805991309
265,678.1537843123208
266,680.7580665689218
267,683.3624269198361
268,685.9668649202147
269,688.5713801293954
270,691.1759721108854
271,693.7806404322351
272,696.38538466507
273,698.9902043849413
274,701.5950991713981
275,704.2000686078
276,706.8051122813793
277,709.4102297831262
278,712.0154207077655
279,714.6206846537019
280,717.2260212230062
281,719.831430021268
282,722.4369106577019
283,725.0424627449756
284,727.6480858992354
285,730.2537797400407
286,732.8595438902935
287,735.4653779763061
288,738.0712816275565
289,740.6772544768758
290,743.283296160281
291,745.889406316933
292,748.495584589127
293,751.1018306222802
294,753.7081440648584
295,756.3145245683298
296,758.9209717871557
297,761.5274853787653
298,764.1340650034483
299,766.7407103244433
300,769.3474210077868
301,771.9541967223429
302,774.56103713975
303,777.1679419343661
304,779.7749107833447
305,782.3819433664312
306,784.9890393660579
307,787.5961984672858
308,790.2034203577477
309,792.8107047276826
310,795.4180512697935
311,798.0254596793345
312,800.6329296540163
313,803.2404608939801
314,805.8480531018668
315,808.4557059825936
316,811.0634192435027
317,813.6711925942975
318,816.2790257469555
319,818.8869184157431
320,821.4948703171738
321,824.1028811700755
322,826.710950695407
323,829.3190786163188
324,831.9272646581758
325,834.535508548473
326,837.1438100167611
327,839.7521687947516
328,842.3605846162004
329,844.9690572169166
330,847.5775863347253
331,850.1861717095162
332,852.7948130830537
333,855.4035101991753
334,858.0122628035908
335,860.6210706439526
336,863.2299334698155
337,865.8388510326502
338,868.4478230857059
339,871.056849384157
340,873.6659296849618
341,876.2750637468671
342,878.884251330465
343,881.4934921980554
344,884.1027861137056
345,886.7121328432493
346,889.3215321541581
347,891.9309838156768
348,894.540487598674
349,897.1500432757477
350,899.7596506210161
351,902.3693094103955
352,904.9790194212691
353,907.5887804326726
354,910.1985922252102
355,912.8084545811103
356,915.4183672840629
357,918.0283301193069
358,920.6383428736609
359,923.2484053353907
360,925.858517294275
361,928.4686785415083
362,931.0788888698467
363,933.6891480734445
364,936.2994559478468
365,938.909812290035
366,941.5202168984393
367,944.130669572846
368,946.7411701144447
369,949.3517183256947
370,951.9623140105621
371,954.5729569741877
372,957.1836470231417
373,959.7943839653176
374,962.4051676098168
375,965.0159977671015
376,967.6268742488817
377,970.2377968681642
378,972.848765439152
379,975.4597797773192
380,978.0708396993991
381,980.6819450232761
382,983.2930955680847
383,985.9042911541346
384,988.5155316029468
385,991.1268167371893
386,993.7381463806693
387,996.349520358466
388,998.9609384965852
389,1001.5724006223769
390,1004.1839065641956
391,1006.7954561515387
392,1009.4070492149935
393,1012.0186855862157
394,1014.6303650979885
395,1017.2420875841458
396,1019.8538528796036
397,1022.4656608202401
398,1025.0775112431434
399,1027.6894039862323
400,1030.301338888633
401,1032.9133157903598
402,1035.525334532466
403,1038.1373949570839
404,1040.7494969072045
405,1043.3616402268929
406,1045.973824761107
407,1048.586050355885
408,1051.198316858096
409,1053.8106241156192
410,1056.4229719772695
411,1059.0353602927862
412,1061.6477889127984
413,1064.2602576889174
414,1066.8727664736157
415,1069.4853151202838
416,1072.0979034831048
417,1074.7105314173475
418,1077.3231987789788
419,1079.9359054249005
420,1082.5486512128714
421,1085.1614360015515
422,1087.7742596503604
423,1090.3871220195815
424,1093.0000229703635
425,1095.612962364667
426,1098.2259400652626
427,1100.838955935802
428,1103.4520098406024
429,1106.065101644883
430,1108.6782312146363
431,1111.2913984166719
432,1113.904603118479
433,1116.5178451884258
434,1119.1311244955853
435,1121.744440909835
436,1124.3577943017683
437,1126.9711845427635
438,1129.5846115048978
439,1132.1980750609891
440,1134.8115750846248
441,1137.4251114501003
442,1140.0386840324506
443,1142.6522927073877
444,1145.2659373512897
445,1147.8796178413243
446,1150.493334055326
447,1153.1070858718017
448,1155.7208731699673
449,1158.334695829728
450,1160.9485537315636
451,1163.5624467568055
452,1166.17637478728
453,1168.7903377055525
454,1171.4043353948202
455,1174.0183677389532
456,1176.6324346224947
457,1179.246535930473
458,1181.8606715486994
459,1184.474841363623
460,1187.0890452622345
461,1189.7032831321235
462,1192.3175548616314
463,1194.931860339545
464,1197.5461994553912
465,1200.1605720992573
466,1202.774978161757
467,1205.3894175342007
468,1208.0038901083785
469,1210.6183957767423
470,1213.2329344323002
471,1215.847505968632
472,1218.4621102799063
473,1221.0767472608495
474,1223.6914168067037
475,1226.3061188133058
476,1228.9208531770707
477,1231.535619794897
478,1234.1504185642764
479,1236.7652493832654
480,1239.380112150353
481,1241.9950067647314
482,1244.6099331259097
483,1247.2248911340623
484,1249.8398806899565
485,1252.4549016946335
486,1255.0699540498658
487,1257.68503765789
488,1260.3001524213191
489,1262.9152982434573
490,1265.530475027906
491,1268.1456826790272
492,1270.7609211014312
493,1273.3761902003193
494,1275.9914898814127
495,1278.6068200507523
496,1281.22218061507
497,1283.8375714815143
498,1286.452992557516
499,1289.068443751225
500,1291.6839249711597
501,1294.2994361262429
502,1296.9149771259295
503,1299.5305478800806
504,1302.1461482991122
505,1304.7617782937052
506,1307.3774377751727
507,1309.9931266550957
508,1312.6088448457
509,1315.2245922594236
510,1317.8403688093238
511,1320.4561744087412
512,1323.0720089716488
513,1325.6878724121418
514,1328.303764645057
515,1330.9196855853234
516,1333.5356351486125
517,1336.1516132507659
518,1338.7676198081813
519,1341.3836547375558
520,1343.9997179560905
521,1346.6158093812378
522,1349.2319289310894
523,1351.8480765239078
524,1354.4642520784996
525,1357.0804555138648
526,1359.6966867496176
527,1362.3129457056407
528,1364.9292323022614
529,1367.54554646009
530,1370.1618881001878
531,1372.7782571440084
532,1375.3946535133705
533,1378.0110771303202
534,1380.6275279175165
535,1383.2440057977865
536,1385.8605106944622
537,1388.477042531022
538,1391.0936012316608
539,1393.7101867205156
540,1396.3267989224287
541,1398.9434377622874
542,1401.5601031656993
543,1404.1767950581848
544,1406.7935133659375
545,1409.4102580153535
546,1412.027028933223
547,1414.6438260466293
548,1417.2606492830355
549,1419.87749857013
550,1422.4943738361203
551,1425.1112750094062
552,1427.7282020187486
553,1430.3451547932614
554,1432.9621332622542
555,1435.5791373556297
556,1438.196167003255
557,1440.813222135585
558,1443.4303026832831
559,1446.0474085773974
560,1448.6645397491263
561,1451.281696130191
562,1453.898877652497
563,1456.5160842482433
564,1459.1333158499465
565,1461.7505723904385
566,1464.3678538028553
567,1466.9851600206346
568,1469.602490977501
569,1472.2198466074717
570,1474.8372268449027
571,1477.4546316243373
572,1480.0720608806464
573,1482.6895145490466
574,1485.3069925650243
575,1487.924494864274
576,1490.5420213828227
577,1493.1595720569949
578,1495.7771468233718
579,1498.3947456188903
580,1501.0123683805623
581,1503.6300150458133
582,1506.2476855523332
583,1508.865379838166
584,1511.483097841421
585,1514.1008395006638
586,1516.7186047544737
587,1519.3363935420887
588,1521.9542058026836
589,1524.5720414757334
590,1527.1899005011794
591,1529.8077828188898
592,1532.425688369269
593,1535.0436170928774
594,1537.6615689304886
595,1540.2795438232579
596,1542.8975417123777
597,1545.51556253947
598,1548.1336062463129
599,1550.751672775034
600,1553.3697620678254
601,1555.9878740673287
602,1558.6060087162357
603,1561.2241659576052
604,1563.8423457347467
605,1566.4605479910256
606,1569.0787726701947
607,1571.69701971637
608,1574.3152890735032
609,1576.9335806862464
610,1579.5518944991704
611,1582.1702304571522
612,1584.788588505227
613,1587.406968588813
614,1590.0253706535163
615,1592.6437946450878
616,1595.2622405094744
617,1597.8807081929372
618,1600.4991976419365
619,1603.1177088032416
620,1605.7362416235615
621,1608.3547960500225
622,1610.9733720299978
623,1613.5919695110056
624,1616.210588440799
625,1618.829228767258
626,1621.4478904386453
627,1624.066573403196
628,1626.6852776095716
629,1629.304003006603
630,1631.922749543232
631,1634.5415171685208
632,1637.1603058320984
633,1639.7791154833453
634,1642.3979460721523
635,1645.016797548581
636,1647.6356698627035
637,1650.2545629649953
638,1652.8734768060174
639,1655.492411336451
640,1658.1113665074745
641,1660.7303422701048
642,1663.3493385757797
643,1665.9683553759305
644,1668.5873926224272
645,1671.2064502671906
646,1673.8255282622104
647,1676.444626559985
648,1679.063745112798
649,1681.682883873527
650,1684.3020427948595
651,1686.9212218299594
652,1689.540420932011
653,1692.1596400543067
654,1694.7788791506266
655,1697.3981381746214
656,1700.0174170802325
657,1702.636715821503
658,1705.2560343529176
659,1707.8753726287302
660,1710.4947306038102
661,1713.114108232689
662,1715.7335054705745
663,1718.352922272662
664,1720.972358594032
665,1723.5918143904225
666,1726.2112896173126
667,1728.8307842307572
668,1731.450298186463
669,1734.0698314408014
670,1736.689383950107
671,1739.30895567083
672,1741.9285465595515
673,1744.548156573144
674,1747.167785668696
675,1749.7874338032366
676,1752.4071009340737
677,1755.026787018733
678,1757.646492014776
679,1760.2662158800238
680,1762.8859585723376
681,1765.5057200498393
682,1768.125500270784
683,1770.745299193582
684,1773.3651167767546
685,1775.9849529790822
686,1778.6048077593227
687,1781.2246810765064
688,1783.8445728898262
689,1786.464483158708
690,1789.0844118423552
691,1791.7043589004106
692,1794.324324292843
693,1796.9443079793418
694,1799.564309920023
695,1802.1843300750943
696,1804.8043684048919
697,1807.424424869762
698,1810.0444994305021
699,1812.664592047826
700,1815.2847026824777
701,1817.904831295738
702,1820.5249778486732
703,1823.1451423027052
704,1825.765324619021
705,1828.3855247595136
706,1831.0057426857402
707,1833.6259783596347
708,1836.2462317432019
709,1838.8665027986567
710,1841.4867914881515
711,1844.1070977742609
712,1846.727421619256
713,1849.3477629860229
714,1851.9681218373803
715,1854.5884981361464
716,1857.2088918454288
717,1859.8293029285974
718,1862.4497313487238
719,1865.0701770693754
720,1867.6906400541934
721,1870.3111202668442
722,1872.9316176710674
723,1875.5521322310728
724,1878.1726639106773
725,1880.7932126741903
726,1883.4137784860977
727,1886.0343613106795
728,1888.6549611126422
729,1891.2755778566207
730,1893.8962115073327
731,1896.5168620299992
732,1899.1375293896022
733,1901.7582135511432
734,1904.3789144802618
735,1906.999632142025
736,1909.620366502275
737,1912.241117526591
738,1914.8618851807273
739,1917.482669430474
740,1920.1034702421643
741,1922.724287581574
742,1925.3451214152292
743,1927.9659717092854
744,1930.5868384304313
745,1933.2077215450495
746,1935.828621019929
747,1938.4495368219527
748,1941.070468917911
749,1943.6914172749512
750,1946.3123818603212
751,1948.9333626409752
752,1951.5543595845015
753,1954.1753726583202
754,1956.7964018301454
755,1959.417447067427
756,1962.0385083382162
757,1964.6595856102554
758,1967.2806788515704
759,1969.90178803037
760,1972.5229131148662
761,1975.1440540732992
762,1977.7652108742711
763,1980.386383486086
764,1983.0075718776716
765,1985.6287760176156
766,1988.2499958748745
767,1990.871231418198
768,1993.4924826168158
769,1996.1137494398822
770,1998.7350318566173
771,2001.3563298363913
772,2003.9776433485579
773,2006.5989723628481
774,2009.2203168488904
775,2011.8416767763347
776,2014.4630521152135
777,2017.0844428352107
778,2019.7058489066806
779,2022.3272702995496
780,2024.9487069841252
781,2027.5701589308205
782,2030.191626110045
783,2032.8131084922372
784,2035.4346060479784
785,2038.0561187483463
786,2040.6776465637422
787,2043.2991894652328
788,2045.9207474238124
789,2048.5423204105737
790,2051.1639083968103
791,2053.7855113535898
792,2056.4071292525477
793,2059.0287620648455
794,2061.65040976217
795,2064.272072316201
796,2066.8937496987087
797,2069.515441881444
798,2072.1371488361206
799,2074.758870534992
800,2077.3806069501447
801,2080.00235805363
802,2082.6241238178636
803,2085.2459042148826
804,2087.867699217461
805,2090.489508798045
806,2093.1113329290897
807,2095.733171583333
808,2098.355024733626
809,2100.976892352827
810,2103.5987744138433
811,2106.220670889788
812,2108.8425817536026
813,2111.4645069786293
814,2114.0864465380096
815,2116.7084004053677
816,2119.3303685538244
817,2121.952350957229
818,2124.574347588915
819,2127.1963584226933
820,2129.8183834324577
821,2132.4404225918024
822,2135.0624758746453
823,2137.684543255386
824,2140.30662470768
825,2142.9287202059986
826,2145.5508297243346
827,2148.172953237363
828,2150.7950907190684
829,2153.41724214426
830,2156.039407487393
831,2158.66158672299
832,2161.2837798259116
833,2163.905986770921
834,2166.528207532848
835,2169.150442086715
836,2171.7726904073825
837,2174.3949524701475
838,2177.0172282500657
839,2179.6395177222785
840,2182.261820862256
841,2184.8841376453297
842,2187.506468047053
843,2190.128812042827
844,2192.751169608264
845,2195.3735407191693
846,2197.995925351219
847,2200.6183234803343
848,2203.2407350823573
849,2205.8631601330376
850,2208.4855986087814
851,2211.1080504855463
852,2213.7305157394667
853,2216.3529943467393
854,2218.9754862839177
855,2221.597991527333
856,2224.220510053297
857,2226.843041838304
858,2229.4655868592745
859,2232.0881450926563
860,2234.710716515176
861,2237.3333011038417
862,2239.955898835173
863,2242.5785096862833
864,2245.201133634243
865,2247.8237706561595
866,2250.446420729102
867,2253.069083830389
868,2255.6917599370836
869,2258.3144490267055
870,2260.9371510764877
871,2263.559866064099
872,2266.1825939668925
873,2268.805334762609
874,2271.4280884287678
875,2274.050854943425
876,2276.6736342839376
877,2279.2964264285515
878,2281.919231354862
879,2284.5420490411634
880,2287.1648794653433
881,2289.787722605405
882,2292.4105784396997
883,2295.0334469464397
884,2297.6563281038534
885,2300.2792218904397
886,2302.9021282843423
887,2305.5250472642706
888,2308.1479788086053
889,2310.770922896286
890,2313.393879505517
891,2316.0168486155326
892,2318.639830204634
893,2321.2628242519236
894,2323.8858307362257
895,2326.5088496366216
896,2329.1318809319914
897,2331.7549246015706
898,2334.377980624353
899,2337.001048979514
900,2339.6241296464455
901,2342.247222604416
902,2344.870327832784
903,2347.4934453109454
904,2350.1165750184746
905,2352.7397169349147
906,2355.362871039819
907,2357.9860373126885
908,2360.6092157335806
909,2363.2324062821453
910,2365.8556089379003
911,2368.478823681112
912,2371.1020504915587
913,2373.7252893493073
914,2376.3485402344095
915,2378.9718031268576
916,2381.5950780068165
917,2384.2183648546797
918,2386.8416636505203
919,2389.464974374675
920,2392.0882970075927
921,2394.711631529788
922,2397.3349779217233
923,2399.9583361636865
924,2402.5817062364194
925,2405.205088120729
926,2407.82848179705
927,2410.4518872461717
928,2413.0753044491053
929,2415.6987333864386
930,2418.3221740392773
931,2420.9456263883603
932,2423.569090415058
933,2426.192566100068
934,2428.816053424506
935,2431.439552369758
936,2434.063062917002
937,2436.686585047243
938,2439.3101187421366
939,2441.9336639828152
940,2444.5572207507034
941,2447.180789027554
942,2449.804368794305
943,2452.4279600331092
944,2455.051562724948
945,2457.675176852254
946,2460.2988023961307
947,2462.922439338521
948,2465.5460876612738
949,2468.1697473462223
950,2470.7934183751304
951,2473.417100730247
952,2476.040794393183
953,2478.6644993462496
954,2481.288215571578
955,2483.9119430511023
956,2486.5356817672055
957,2489.1594317017402
958,2491.78319283744
959,2494.406965156444
960,2497.030748641206
961,2499.6545432738967
962,2502.2783490373004
963,2504.9021659137525
964,2507.5259938857143
965,2510.1498329360793
966,2512.7736830471968
967,2515.3975442018113
968,2518.021416382888
969,2520.645299572821
970,2523.269193755046
971,2525.8930989118735
972,2528.5170150263148
973,2531.1409420814075
974,2533.7648800601755
975,2536.3888289456345
976,2539.0127887208937
977,2541.636759369108
978,2544.260740873432
979,2546.8847332170253
980,2549.5087363832718
981,2552.1327503554207
982,2554.756775116733
983,2557.380810650614
984,2560.0048569407963
985,2562.6289139703763
986,2565.252981723073
987,2567.877060182508
988,2570.5011493319034
989,2573.125249155384
990,2575.7493596362438
991,2578.373480758761
992,2580.997612505922
993,2583.621754862327
994,2586.2459078112
995,2588.870071336751
996,2591.494245422781
997,2594.1184300534046
998,2596.742625212825
999,2599.3668308843703
